         CCA1       CA1       CA2       CA3       CA4
1    0.276805 -1.142988  0.600911  1.268980  1.826943
2   -1.208931 -0.085606  0.594233  1.465799  0.271377
3   -0.629481 -1.265308  0.295846  1.503722  1.609220
4   -0.224444 -0.675517  0.334273  1.834140  1.123985
5   -0.585382 -0.144469  0.800854  1.571035  0.991954
6   -0.282199 -0.617093  1.214924  1.366532  1.653958
7   -0.704143 -0.254409  0.371096  1.640252  0.330086
8   -0.809960 -0.667153  0.370235  0.278259  0.925788
9   -0.620628 -0.717906  0.492696  1.629116  0.974766
10  -1.040620  0.162989  0.420934  0.937451  0.294558
11  -1.196324 -0.546785  0.267852  0.603571  1.054589
12  -0.658840 -0.507735  1.837333  1.463559  0.812842
13  -0.700737 -0.666907  1.892712  1.167264  1.320663
14  -1.243914  0.537472  0.101173  1.209808 -0.583021
15  -0.945422 -0.211792  0.410488  2.026024  0.639366
16  -1.265402 -0.134700  1.199546  1.930967  0.203984
17  -1.530037 -0.291084  1.436166  0.402874  0.632475
18  -0.760944 -0.420395  0.522174  0.672430  0.921479
19  -0.828793 -0.091103  0.172946  1.514644  0.946112
20  -1.778337  0.053437  0.615721  0.362865 -0.362744
21  -1.251823  0.346393  0.365782  1.441472  0.160049
22  -1.143265 -0.199354  0.621851  1.179601  0.494171
23  -1.811323  0.330478  0.452661 -0.267095 -0.314903
24  -1.839199  0.508770  0.432368  2.232053 -1.006030
25  -2.103909  0.623911  0.541239  1.530864 -1.473563
26  -1.148171  0.175213  1.057945  2.392469  0.204432
27  -2.268221  0.552934  0.648025  0.456210 -1.593252
28  -1.643615  0.048665  0.239077  0.433450  0.041470
29  -1.381501  0.013830  0.949830  1.236357  0.403683
30  -1.706557  0.368632  0.818888  1.796942 -0.308354
31  -1.737114  0.587794  0.541108 -0.034895 -1.316906
32  -1.971404  0.514721  0.768909  1.163422 -1.116282
33  -2.014590  0.261790  0.471557  1.154289 -0.545271
34  -1.186257 -0.074483  1.244519  1.304654  0.498566
35  -1.291258  0.007126  0.337704  1.352754  0.360941
36  -2.231477  0.160444  0.488733  1.088442 -0.851681
37  -1.962459  0.716306  1.364787 -0.862657 -1.187842
38  -1.143080  0.156120 -0.338359  0.481083  0.351305
39  -0.979666  0.656799 -0.088965  0.870868 -0.390332
40  -1.133409  0.820867 -0.118052  1.369340 -0.758112
41  -1.387981  0.172355  0.807382  2.875981 -0.101723
42  -2.371411  0.358858  0.636543  0.288240 -1.013562
43  -2.401823  0.587878  0.754293  0.564383 -1.335807
44  -2.171999  0.120633  0.561752  1.035049 -0.915502
45  -2.461046  0.369930  0.899178  0.611495 -1.263386
46  -2.356880  0.461716  0.526218  1.253986 -1.103857
47  -2.414935  0.483357  0.640780  0.610937 -1.063693
48  -2.664284  0.200188  0.781731  0.647612 -1.103793
49  -0.828094 -0.221926  1.535601  1.924437  0.676620
50  -1.817286  0.172396  1.529074  1.459795 -0.512381
51  -2.335397  0.195882  0.972367 -0.767091 -0.659992
52  -2.690882 -0.069966  0.772665 -0.805011 -0.696812
53  -2.615205  0.090459  1.126025  0.015301 -1.134184
54  -1.810094  0.567529  0.199293  1.735983 -1.179338
55  -2.687068  0.017643  1.134306 -0.271535 -0.942021
56  -2.410691  0.204249  0.978262  0.026494 -1.037073
57  -2.343270  0.989982  0.674186  2.883111 -2.169502
58  -2.542442  0.247774  0.962066  1.050921 -0.685405
59  -2.350552  0.113988  1.036784  0.514523 -0.700814
60  -1.337515 -0.586299  1.826155  0.850617  0.708557
61  -2.079757  0.316436  0.887057  0.778370 -0.239544
62  -1.931155 -0.069248  1.007416  0.379267  0.150239
63  -1.574688 -0.342836  1.715304  0.391707  0.737166
64  -2.992130 -0.186248  1.182232 -2.596408 -0.865209
65  -2.737191 -0.177660  0.889341 -0.722537 -0.784167
66  -1.804807 -0.068233  0.979457  0.388553  0.180704
67  -2.648281 -0.137666  0.946445 -1.051827 -0.512169
68  -1.917972  0.361380  0.309658  1.568263 -0.820451
69  -2.507449 -0.891872  1.050240 -1.283429  0.578527
70  -1.208547 -0.150740  1.182578  1.637587  0.380074
71  -1.170983 -0.373890  1.378529  0.492671  0.754735
72  -1.412978 -0.124148  1.602617  1.294856  0.376266
73  -0.711393 -0.935989  2.470553  1.045476  1.305957
74  -1.537952 -0.153064  1.427080  0.637890  0.163477
75  -0.849450 -1.140777  0.491965  0.239699  0.332340
76  -1.667554 -0.714636  0.594853 -1.022897  0.258703
77  -0.285164 -1.564806  0.372303  0.025632  1.191427
78  -0.992877 -0.918650  0.415921 -0.675768  0.847705
79  -0.174686 -0.808075  1.094612  0.506383  1.890611
80  -0.128898 -1.536233  2.190307  0.462168  2.231088
81  -1.487216 -0.329393  0.522912 -1.544590 -0.405480
82  -2.101211 -1.167397  1.065443 -2.943969  0.826437
83  -1.671991 -0.529488  0.364883 -0.069282  0.021835
84  -0.640955 -1.046943  0.485206 -0.359825  0.821196
85  -2.960184 -1.193842  1.311835 -4.505801  0.173838
86  -1.083922 -1.739042  0.433753 -2.244579  0.853894
87  -0.680874 -1.004596  0.874619 -0.561794  0.685158
88  -0.528674 -0.751573 -0.531188 -0.256182  0.966393
89  -0.328322 -1.101181 -0.051666 -0.648298  1.810946
90  -0.237378 -1.423506  0.147496 -0.107119  1.917840
91  -2.307396 -0.775981  0.958341 -2.123836  0.210836
92  -2.503813 -0.798791  1.313195 -2.559727 -0.074511
93  -0.240737 -1.519011  0.330986  0.072320  0.082662
94  -1.084211 -1.022702  0.220341 -0.026279  0.351112
95  -0.857953 -1.076441  1.372141 -0.710736  0.972811
96  -1.185232 -0.593345  0.294959 -0.385197  0.119712
97  -2.492851 -0.411956  1.071738 -3.169985 -0.627481
98  -1.133178 -1.364440  1.543372 -0.878261  0.928219
99  -1.332077 -0.963105  0.980665 -0.931727  0.809953
100 -1.712580 -0.204858  0.582742 -2.329813 -1.465232
101 -1.482535 -1.781367  1.983525 -2.511219  1.357695
102 -0.744168 -1.895769  1.663250 -1.506077  1.237509
103 -1.025019 -1.225473  0.337687 -1.478909  0.114622
104 -3.085331 -0.682916  1.078929 -2.810240 -0.584736
105 -2.693056 -0.274883  1.098363 -1.663369 -0.735532
106 -3.767930 -0.921022  1.618780 -5.633548 -0.930104
107 -3.199577 -0.332285  1.279501 -3.981937 -1.580790
108 -3.256965 -0.307979  1.226880 -3.330593 -1.593829
109 -2.848824  0.044790  1.105049 -2.861854 -1.713917
110 -3.331846 -0.387508  1.350069 -3.642063 -1.426520
111 -3.126375 -1.390625  1.403752 -5.327345  0.225002
112 -2.903251  0.099582  1.156993 -3.980094 -2.059439
113 -3.646022 -0.861787  1.355932 -4.919117 -0.884176
114 -2.975285 -0.279123  1.026196 -2.216709 -0.834855
115 -1.365131  0.378479  0.033841  1.726371 -0.175572
116  0.100642 -1.133928  0.029223  1.509146  0.192469
117  0.572419 -0.864266 -0.925486  0.647346  1.723778
118 -1.585417  0.229044  0.452333  0.916026 -0.027110
119 -1.831884  1.394171  0.714015  3.230275 -2.141074
120 -1.697329  1.481252  0.635841  3.079033 -2.262512
121 -1.542995  1.182070  0.433187  1.067854 -1.739628
122 -0.965233  1.169862 -0.054438  1.250055 -1.161627
123 -0.809929  0.984376 -0.236430  1.530084 -0.451889
124 -0.350427  1.075013 -0.376627  1.477143 -0.284034
125 -1.515975  1.432076  0.493325  2.374306 -2.144093
126 -0.381837  1.116458 -0.461290  1.459855 -0.345112
127 -1.511530  1.420470  0.529055  2.378482 -2.135457
128 -1.870272  1.142423  0.628517  0.826826 -1.633235
129 -0.947420  1.205218 -0.017463  0.973283 -1.123348
131 -1.872141  0.939342  0.409618  1.741830 -1.176935
132 -1.081039  1.255676  0.211140  0.272059 -1.371439
133 -1.087093  1.056802  0.025274  1.068910 -0.651181
134 -2.240794  1.246494  0.741336  2.493369 -1.363849
135 -2.219098  1.123467  0.675864  1.980197 -0.862364
136 -0.923238  1.114613 -0.081545  1.580272 -0.760321
137 -0.723518  1.112362 -0.169228  1.181997 -0.736304
138 -1.257565  1.219461  0.181955  1.226403 -1.400011
139 -1.324240  1.073380  0.342398 -1.092331 -1.378089
140 -1.302410  1.118605  0.358140 -1.166728 -1.446903
141 -0.608299  1.011961 -0.270621  0.874174 -0.526613
142 -1.551813  1.320654  0.480688  0.337057 -1.889913
143 -1.028303  0.946960  0.012253  1.157793 -0.446702
144 -1.050024  1.080928  0.091830  1.039316 -0.824899
145 -0.505216  0.927312 -0.390362  0.172531 -0.144501
146 -1.304448  1.144158  0.348113 -0.644172 -1.257686
147 -0.627364  0.893923  0.043363  0.203053 -0.405845
148 -1.164298  0.762315  0.262371  0.462459 -0.556965
149 -0.903529  0.705354  0.437109 -0.420266 -0.306199
150 -1.268541  1.023606  0.506538  0.417565 -0.828472
151 -1.860103  1.207170  0.878843 -2.009170 -1.896418
152 -1.881991  1.231632  0.844395 -2.024462 -1.943420
153 -2.062424  1.274518  1.153635 -3.344692 -2.876325
154 -1.763005  1.393734  0.928419 -2.050749 -2.266001
155 -1.557291  1.060159  0.438524  1.836955 -1.380212
156 -1.421333  0.866224  0.285490  0.687095 -0.798296
157 -1.375180  0.706974  0.469498  0.517992 -0.696420
158 -1.952496  0.822355  0.648304  0.917955 -1.271652
159 -0.453619  0.532040 -0.704723  0.408018  0.901999
160 -0.453804  0.591067 -0.640255  0.717669  0.634459
161 -0.181213  0.580903 -0.805369  0.208647  1.262871
162 -0.458373  0.492996 -0.491046  0.529941  0.576674
163 -1.611510  1.075586  0.444211  1.920515 -1.445206
164  0.031800  0.641648 -0.925248  0.427045  0.898080
165 -0.543379  0.964892 -0.391555  0.451754  0.175315
166 -0.948245  0.931229 -0.083633  1.052310 -0.512386
167 -0.475938  0.604417 -0.603186  0.599611  0.425066