depth	min	max	median	wmean
0.5	-47.2	14.3	-14.8	-14.7
1.5	-37.5	29.3	-2.4	-2.2
2.5	-31.2	48.3	9.4	10
3.5	-27.9	69.1	20.9	22.2
4.5	-25.1	91.3	32.4	34.4
5.5	-23.3	113.9	44.1	46.6
6.5	-22.3	137.1	55.6	58.8
7.5	-20.7	159.7	66.5	71
8.5	-19.3	183.2	77.6	83.2
9.5	-18.6	205.5	88.3	95.3
10.5	-16.8	229.1	98.4	107.5
11.5	-15.3	253.4	109.4	119.8
12.5	-14	276.3	120.6	131.9
13.5	-12.6	300.1	131.1	144.3
14.5	-11.7	324.3	142.2	156.4
15.5	-10.3	347.8	153.1	168.6
16.5	-8.5	371.8	163.1	180.9
17.5	-8	395.6	174.6	193.1
18.5	-7.5	419.5	185.2	205.2
19.5	-6.8	442.8	196.9	217.3
20.5	0.9	459.6	209.7	231.3
21.5	12.8	473	225.2	247.1
22.5	20.6	488.1	244.1	261
23.5	32.4	507.9	266.4	276.1
24.5	40.6	530.2	285.8	291.1
25.5	48.8	555.1	304.2	305.8
26.5	58.7	584.8	319	320.7
27.5	65.9	612.4	333.2	335.2
28.5	74.6	639.3	346.1	350.1
29.5	84.3	669.7	359.4	364.8
30.5	91	701.1	372.6	379.6
31.5	99.4	730	385.3	394.3
32.5	105.5	764.4	399.3	409
33.5	109.2	799.8	411.8	423.7
34.5	115.4	831.8	424.6	438.4
35.5	123.9	867.5	437.1	452.9
36.5	128.3	903.5	450.6	467.6
37.5	133.7	937.2	461.8	482.6
38.5	138.7	970.8	474.2	497
39.5	144.1	1007.6	485.7	512
40.5	156.5	1032.4	500.9	527.7
41.5	169.6	1043.1	518.7	543.8
42.5	183.4	1054.8	536.7	560.8
43.5	194	1070.6	555.4	577
44.5	208.4	1085.8	572.3	593.7
45.5	219	1097.9	592	610.4
46.5	232.5	1111	610.6	626.9
47.5	241.7	1123.8	629.2	643.4
48.5	248.9	1144.4	646.9	660.1
49.5	257.2	1154.6	664.4	676.6
50.5	265.8	1171.4	680.2	693.5
51.5	274.1	1189.6	698.3	709.8
52.5	283	1204.2	713.1	726
53.5	291.3	1225.8	729.2	742.4
54.5	296.9	1243.6	744.5	758.3
55.5	304.6	1271.3	759.6	775
56.5	310.2	1297.4	775.7	791.2
57.5	315	1324.9	791	807.2
58.5	320.9	1359	806.8	823.5
59.5	326.4	1393.2	822.8	839.6
60.5	339.5	1414.2	838.2	854.6
61.5	358	1426.5	851.8	869.4
62.5	373.3	1438.7	866.9	884
63.5	391.5	1447.4	883.4	898.8
64.5	406.7	1458.3	897.2	913.3
65.5	418.9	1467.3	912.3	928
66.5	433.3	1478.4	928.4	942.9
67.5	442.1	1488.7	944	957.3
68.5	453.7	1498.5	958.9	972
69.5	463.3	1511.3	975.5	986.5
70.5	470.1	1526.9	990.4	1000.8
71.5	480.6	1540.4	1004.8	1015.5
72.5	491.8	1555.5	1021.2	1030.1
73.5	499.2	1573.3	1036.7	1044.9
74.5	510.5	1588.6	1052	1059.5
75.5	518.2	1602.1	1066.4	1073.7
76.5	525.1	1619.9	1082	1088.3
77.5	530.5	1642.3	1097.9	1103
78.5	539.1	1659.5	1112.6	1117.1
79.5	544.9	1681.9	1129.9	1131.9
80.5	558.4	1698.2	1144.2	1146.4
81.5	585.2	1708.4	1160.3	1162
82.5	610.4	1715.4	1173.9	1177.3
83.5	637.7	1724.4	1189.6	1193.4
84.5	660.6	1733.7	1204.4	1208.3
85.5	685.8	1752	1220.6	1224
86.5	706.6	1760.4	1239.4	1239.4
87.5	725.3	1768.1	1256.8	1255.2
88.5	737.9	1776.2	1273.5	1270.6
89.5	753.7	1783.1	1294.2	1285.9
90.5	768.3	1785.2	1310.4	1301.3
91.5	781.9	1796.8	1329.2	1317
92.5	793.3	1808.2	1346	1332.2
93.5	805.8	1818.2	1362.7	1347.9
94.5	817.2	1833.2	1380.9	1363.2
95.5	831.7	1845.2	1399.7	1379.1
96.5	841.5	1861.4	1417	1394.7
97.5	852.9	1878.5	1432.1	1409.7
98.5	862.1	1898	1447.1	1425.7
99.5	877.9	1919.9	1461.7	1441.2
100.5	890.4	1936.6	1476.5	1455.9
101.5	917.8	1940.1	1488.2	1469.7
102.5	934.7	1947.7	1499.8	1483.8
103.5	960.4	1952.6	1513.9	1497.8
104.5	980.4	1962.9	1527.3	1511.8
105.5	997.9	1971.3	1538.2	1525.9
106.5	1012.3	1977.7	1551.9	1540.1
107.5	1032	1983.7	1566.7	1554.2
108.5	1045.7	1992.7	1581.9	1568.1
109.5	1055.1	1998.3	1597.2	1582.1
110.5	1070.8	2009.1	1613	1596.6
111.5	1085.6	2016.7	1627.4	1610.5
112.5	1101.4	2029.9	1643.9	1625.4
113.5	1114.7	2037.3	1659.1	1639.2
114.5	1130	2046.6	1675	1653
115.5	1141.5	2060	1690.3	1667.4
116.5	1149.6	2073.1	1705.5	1681.6
117.5	1161.7	2089.7	1719.1	1695.4
118.5	1165.3	2104.5	1734.3	1709.5
119.5	1173.1	2124.5	1749.3	1723.6
120.5	1200.2	2134.1	1760.8	1738
121.5	1243	2141.5	1775.3	1752.7
122.5	1287.1	2148.4	1787.6	1768.3
123.5	1324.9	2156.7	1801.8	1783.6
124.5	1362.8	2163.9	1812.3	1798.4
125.5	1403.1	2167.6	1826.6	1814
126.5	1438.7	2174.9	1838.6	1828.9
127.5	1473	2181.1	1852.5	1844.3
128.5	1507.8	2190.5	1863.7	1859.2
129.5	1542.1	2195.4	1876.9	1874.9
130.5	1573.9	2200.6	1890.3	1889.9
131.5	1605.7	2211.1	1902.7	1905.1
132.5	1634.6	2217.8	1917.6	1920.6
133.5	1667.3	2225.8	1930.9	1935.5
134.5	1698.1	2234	1944.7	1950.6
135.5	1725.8	2242.8	1958.4	1965.6
136.5	1751.7	2252	1972.3	1980.4
137.5	1770.2	2263.1	1985.3	1995.5
138.5	1785.6	2274.2	1998.9	2010.3
139.5	1802.4	2286.4	2011.7	2025
140.5	1823.1	2299.4	2029.3	2041.3
141.5	1849.1	2309.1	2045.4	2058.1
142.5	1869.8	2319.8	2063	2074.9
143.5	1891.5	2330.2	2080.3	2091.9
144.5	1911.7	2343.9	2098.7	2109.1
145.5	1933.3	2356.9	2117.3	2126
146.5	1948.3	2370.6	2135.7	2142.9
147.5	1959.9	2382.9	2153.9	2159.9
148.5	1974.5	2395.7	2172	2176.6
149.5	1989.7	2411.9	2189	2193.7
150.5	2003	2425.1	2205.8	2210.8
151.5	2015.8	2445.5	2223.1	2227.6
152.5	2028.4	2464.3	2240.7	2244.5
153.5	2037.8	2486.7	2258.2	2261.7
154.5	2049.1	2510.8	2274.8	2278.4
155.5	2057.9	2534.4	2289.8	2295.6
156.5	2063.7	2558.1	2307.1	2312.7
157.5	2070.3	2585.6	2323.6	2329.1
158.5	2076	2617	2339.3	2346.2
159.5	2084.5	2649.5	2355.2	2362.7
160.5	2106.4	2666.5	2372.7	2381.9
161.5	2146.3	2674.4	2393.6	2403.9
162.5	2183.3	2682.7	2414.5	2425.7
163.5	2218.7	2688.5	2436.9	2448.2
164.5	2253	2699.7	2459.1	2470.3
165.5	2291.6	2713.8	2478.8	2492.7
166.5	2319.9	2730.5	2500.6	2514.5
167.5	2341.3	2751.5	2523.2	2536.7
168.5	2359.1	2777.9	2546.8	2558.8
169.5	2373.6	2816.4	2569.4	2581
170.5	2379.6	2862.7	2592.4	2603.2
171.5	2389.2	2906.8	2615.9	2625.8
172.5	2395.9	2950.2	2636.5	2647.9
173.5	2404.6	2997.8	2657.8	2670.1
174.5	2413.2	3048	2677.5	2692.3
175.5	2422.1	3097.5	2696	2714.2
176.5	2428.7	3146.4	2715.7	2736.1
177.5	2435.5	3194.9	2732.5	2758
178.5	2442.9	3243.5	2750.6	2779.7
179.5	2446.2	3294.5	2768.3	2801.2
180.5	2461.6	3326	2785.9	2822.5
181.5	2488.2	3334.8	2808	2843.6
182.5	2508.9	3352.3	2830.7	2864.6
183.5	2520.7	3367.3	2853.9	2885.8
184.5	2537.6	3379.9	2876.3	2906.2
185.5	2550.5	3397.9	2900.9	2927.1
186.5	2561.1	3418.3	2924.1	2947.9
187.5	2566.5	3438.2	2945.9	2968.4
188.5	2578	3455.7	2970.4	2989.1
189.5	2588.3	3481.1	2994.4	3009.9
190.5	2598.2	3508	3017.6	3030.3
191.5	2602.8	3536.1	3041.1	3051.1
192.5	2613.9	3568.4	3063.2	3071.9
193.5	2621.2	3595.8	3085.3	3093
194.5	2626.7	3628.5	3107.2	3113.2
195.5	2634.1	3664.5	3127.6	3134.1
196.5	2641.3	3702.7	3148.6	3154.9
197.5	2648	3744.9	3170.8	3175.1
198.5	2652	3781.5	3190.5	3196.1
199.5	2659.2	3821.6	3210.8	3215.8
200.5	2677.1	3849.4	3232.1	3237.4
201.5	2708.6	3860.2	3254	3259.6
202.5	2732.9	3873.7	3276.2	3282
203.5	2756.3	3887.4	3298.5	3304.5
204.5	2779.3	3901.7	3323.2	3326.5
205.5	2799.7	3917.1	3349.9	3349
206.5	2821	3935.2	3374.5	3371.8
207.5	2837.7	3945.6	3401.6	3393.7
208.5	2853.7	3960.3	3425.2	3416.2
209.5	2876.2	3976.6	3449.9	3439
210.5	2892.7	3994	3474	3461.3
211.5	2908.4	4017.2	3497.6	3484.1
212.5	2927.1	4040	3522	3506.7
213.5	2944.4	4068.6	3543.8	3529
214.5	2958.7	4096.8	3568.1	3551.4
215.5	2967.4	4130.9	3592.6	3573.7
216.5	2978.2	4167.2	3614.2	3595.2
217.5	2985.2	4205.2	3636.4	3617.7
218.5	2994.8	4246.1	3656.4	3639.4
219.5	3000.9	4283.7	3677.2	3661.6
220.5	3019.1	4311.6	3696	3682.6
221.5	3042.6	4321.5	3715.3	3702.2
222.5	3072.3	4331.8	3737	3722.2
223.5	3107.9	4341.7	3755.5	3741.6
224.5	3131.7	4350.2	3776.5	3761.4
225.5	3159.5	4364.1	3796.8	3781.9
226.5	3180.7	4373	3815.1	3801.9
227.5	3206.1	4382.6	3834.2	3821.5
228.5	3225	4396	3855	3841.5
229.5	3250	4409.5	3874.6	3861.6
230.5	3272.1	4423.5	3892.7	3881.5
231.5	3291.1	4436.1	3912.4	3901.1
232.5	3310.3	4446.9	3934	3921.4
233.5	3328.3	4472.1	3952.6	3940.9
234.5	3347.8	4492.1	3973.7	3961.2
235.5	3361.4	4504.2	3994.3	3981.3
236.5	3373.1	4528.7	4015.1	4000.5
237.5	3386.3	4548.3	4034	4020.5
238.5	3399.4	4568.1	4056	4040
239.5	3411.1	4593.6	4076.9	4059.5
240.5	3439.3	4612.8	4098.8	4081.4
241.5	3488.2	4615.1	4122.2	4104.4
242.5	3533.6	4619.9	4143.5	4127.5
243.5	3582.4	4626.4	4165.1	4150.6
244.5	3627.8	4634	4187.1	4173.6
245.5	3674.8	4637.2	4210.4	4196.5
246.5	3722.6	4645.1	4231.5	4219.8
247.5	3766.6	4656.3	4251.7	4242.8
248.5	3810	4660	4275.8	4266.3
249.5	3856.6	4672.6	4295.6	4289.4
250.5	3893.4	4679.9	4317.2	4312.8
251.5	3930.6	4690.1	4342.2	4336.4
252.5	3965	4699	4365.5	4359.8
253.5	3996.9	4712.5	4388.1	4382.7
254.5	4030.6	4724.5	4410.3	4406.1
255.5	4053.4	4738.1	4432.7	4429.6
256.5	4078.5	4754.2	4455.3	4452.9
257.5	4097.8	4772.9	4480	4476.6
258.5	4120.6	4789.3	4503.9	4499.8
259.5	4139	4813.7	4526.8	4523.2
260.5	4164.4	4829.1	4547.5	4544.5
261.5	4208.8	4834.5	4564.2	4564.5
262.5	4249.3	4839.8	4584.4	4585.3
263.5	4291.5	4846.5	4600.9	4604.6
264.5	4326.6	4856	4620.7	4624.6
265.5	4359.8	4864.7	4638.9	4644.7
266.5	4377.3	4879.1	4659.4	4664.7
267.5	4386.4	4894.3	4680.5	4684.3
268.5	4407	4921.6	4700.5	4704.3
269.5	4424.8	4959.2	4722.3	4724
270.5	4440.1	4997.4	4742.6	4743.8
271.5	4459.1	5033.2	4764.3	4763.5
272.5	4480.1	5071.2	4785	4783.3
273.5	4500.5	5107.6	4803	4802.9
274.5	4517.7	5155.1	4821.1	4822.5
275.5	4524.3	5197	4839.1	4842.5
276.5	4534.7	5246.7	4854.8	4862.5
277.5	4545.3	5292.9	4872.4	4882.6
278.5	4547.7	5344.4	4887.6	4902.1
279.5	4558.9	5392	4901.5	4921.9
280.5	4578.9	5429.7	4920.8	4942.4
281.5	4602.7	5435.9	4941.1	4962.1
282.5	4615.3	5448.2	4962.2	4981.8
283.5	4637	5466	4983.7	5002.7
284.5	4653	5477.2	5004.4	5022.6
285.5	4662.8	5494.5	5026	5042.8
286.5	4676.8	5513.2	5048	5063.2
287.5	4690	5530	5069.3	5083.9
288.5	4697.1	5556.1	5092.6	5104.5
289.5	4709.7	5576.8	5115.8	5125.4
290.5	4720.5	5600.6	5135.1	5145.2
291.5	4730.9	5622.1	5155.6	5165.8
292.5	4745.4	5644.2	5174.9	5186.3
293.5	4754.5	5669.1	5195.4	5206.6
294.5	4759.9	5702.5	5216.6	5227.2
295.5	4769.1	5732.9	5235.3	5246.8
296.5	4780.9	5772	5254.6	5267.5
297.5	4788.1	5810.2	5273	5287.2
298.5	4798.2	5851.6	5293.1	5307.2
299.5	4803.2	5891.2	5312.3	5327.8
300.5	4817.4	5915.5	5330.2	5346.8
301.5	4840.3	5921.6	5350.1	5366.1
302.5	4870.4	5929.1	5371.2	5385.9
303.5	4888.7	5931.1	5390.7	5404.9
304.5	4907.6	5940	5411.6	5423.7
305.5	4925.1	5952.1	5436.2	5443.7
306.5	4944	5958.9	5457	5462.8
307.5	4958.7	5966.9	5480.7	5482.1
308.5	4972.7	5975.8	5503.7	5501.4
309.5	4987.5	5985.5	5526.5	5521.1
310.5	5005.1	5996.7	5549.1	5540.5
311.5	5022.5	6002.3	5572.9	5559.9
312.5	5036.5	6015.9	5594.1	5579.3
313.5	5052.7	6025.7	5616.9	5598
314.5	5058.8	6040	5638.3	5617.6
315.5	5073.5	6055.3	5658.9	5636.7
316.5	5081.1	6070.9	5680.7	5655.7
317.5	5088.7	6087.9	5702.7	5675.3
318.5	5098.6	6104.8	5725.2	5694.4
319.5	5107.8	6128.5	5743.6	5713.4
320.5	5138.5	6142.3	5762.4	5733.6
321.5	5193.6	6146.4	5780.3	5753.5
322.5	5245.7	6148.4	5797.5	5774.1
323.5	5294.4	6157.1	5814.6	5794.4
324.5	5339.7	6160.4	5832.2	5814.7
325.5	5388.2	6169.4	5850.9	5835.2
326.5	5433.2	6175	5868.5	5855.7
327.5	5480.2	6182.8	5886.8	5876.7
328.5	5521.6	6191.7	5904.6	5897
329.5	5566.5	6196.2	5923	5917.8
330.5	5610.8	6208	5940.5	5938.5
331.5	5654	6214	5959.1	5959.6
332.5	5694.7	6224.8	5976.9	5980.3
333.5	5734.2	6236.3	5995.7	6001
334.5	5766.6	6250.2	6015.8	6021.7
335.5	5788.5	6264.1	6036.4	6042.4
336.5	5807.6	6280.5	6059	6063.3
337.5	5823.8	6299.3	6081.7	6083.7
338.5	5838.6	6321.8	6103.9	6104.9
339.5	5856.4	6345.5	6125.4	6125.3
340.5	5880.1	6368	6148.2	6149.2
341.5	5911.4	6397	6174.9	6176.6
342.5	5938.6	6433.4	6202.8	6203.5
343.5	5959.6	6472	6230.3	6230.9
344.5	5980	6516.5	6256.9	6258
345.5	5995.2	6563.6	6281.9	6284.8
346.5	6009.1	6609.9	6306.4	6311.6
347.5	6017.9	6659.3	6330	6338.5
348.5	6029.2	6712.4	6353.3	6365
349.5	6035.3	6769.5	6378.2	6392
350.5	6046.1	6823.8	6400.5	6418.8
351.5	6053.7	6880.3	6426.1	6445.5
352.5	6063.2	6939.1	6448.8	6472.5
353.5	6066	6996.8	6474.7	6499.1
354.5	6075.2	7056.4	6497	6526.1
355.5	6083.6	7111.7	6522.4	6553.4
356.5	6091.4	7171.3	6547.3	6579.8
357.5	6093.3	7226.9	6573.3	6606.6
358.5	6100.6	7287.7	6598.3	6633.4
359.5	6107.9	7343.3	6622.1	6660.2
360.5	6122.3	7373.9	6647.1	6687.6
361.5	6147.8	7388.8	6676.4	6714.8
362.5	6168.6	7404	6705.2	6742.1
363.5	6190.9	7419.1	6736.3	6770.1
364.5	6205.7	7430.6	6767.8	6797
365.5	6219.8	7450.8	6799.3	6824
366.5	6237.1	7471.6	6832.8	6851
367.5	6256.5	7494.4	6867.8	6879
368.5	6271.6	7512.9	6900.5	6905.8
369.5	6287.8	7533.2	6933.5	6933.5
370.5	6301	7553.6	6968.4	6961.3
371.5	6315.5	7575.3	7002.7	6988.9
372.5	6325.4	7595	7031.9	7015.8
373.5	6340	7616.2	7061.8	7042.9
374.5	6350.5	7642.8	7090.6	7070
375.5	6362	7673.4	7122.8	7098.1
376.5	6372	7706.6	7153.2	7125.2
377.5	6380.4	7742	7181.7	7152.1
378.5	6388.9	7780.2	7209.7	7179.2
379.5	6402.6	7822.5	7237.1	7206.1
380.5	6441.6	7845.2	7267	7234.6
381.5	6514.1	7853.4	7294.9	7265.2
382.5	6581.6	7856.7	7324.9	7295.8
383.5	6654.7	7858.6	7355.1	7326.5
384.5	6720.2	7869.8	7382.6	7356.4
385.5	6793.1	7871.1	7411.5	7387
386.5	6861.8	7883.2	7439.5	7417.6
387.5	6926.7	7883.3	7468.8	7447.8
388.5	6996.9	7892.5	7496.5	7478.5
389.5	7067	7900.7	7526.1	7508.8
390.5	7140.3	7902.3	7552.9	7539.3
391.5	7210.8	7911.7	7580.7	7569.8
392.5	7272.9	7921.4	7607.6	7600.2
393.5	7333.5	7925.6	7635.2	7631.1
394.5	7394.3	7937.7	7663.5	7661.7
395.5	7448	7945.3	7689.5	7692.1
396.5	7494.2	7957.2	7721.3	7723.3
397.5	7540.6	7971.1	7749.7	7754.2
398.5	7581.5	7984.7	7778.7	7785.3
399.5	7618.2	8003.6	7808.5	7816.3
400.5	7640.7	8031.5	7836.1	7843.5
401.5	7657.3	8064.5	7859.7	7866.9
402.5	7677.8	8098.7	7884.8	7890.9
403.5	7694.2	8133.2	7910.5	7914.5
404.5	7707.8	8172.2	7933.1	7938.2
405.5	7716.2	8217.8	7955.3	7961.3
406.5	7730.1	8264.7	7977	7984.5
407.5	7738.7	8317.2	7998.4	8008.2
408.5	7747.1	8366.5	8019.1	8031.4
409.5	7754.5	8420.7	8041.8	8054.3
410.5	7763.3	8477	8062.2	8077.6
411.5	7770.4	8537.1	8083.1	8100.9
412.5	7777	8596.5	8105.5	8124.2
413.5	7783.3	8660.6	8126.8	8147.8
414.5	7785.1	8726.4	8148.4	8171
415.5	7792	8785.9	8169.2	8194.2
416.5	7795.7	8846.5	8189.5	8217
417.5	7800.2	8903.7	8211.5	8241
418.5	7801.5	8967.4	8231.3	8263.8
419.5	7804	9029.2	8251.7	8287.2
420.5	7820.1	9065.5	8274.7	8310.4
421.5	7847.7	9071.7	8297.5	8333
422.5	7867.3	9076.3	8320.4	8354.8
423.5	7890	9087.1	8347.4	8378.3
424.5	7909.2	9094.9	8372.2	8401.5
425.5	7921.7	9104.2	8396	8423.5
426.5	7938.7	9113.5	8422.1	8446.8
427.5	7948.4	9123.4	8450.5	8469.5
428.5	7961.3	9134	8477.9	8492.8
429.5	7970.9	9147.3	8503.4	8515.3
430.5	7984.3	9166.9	8529.3	8538.1
431.5	7996.3	9183.5	8557	8561
432.5	8012.7	9208	8584.6	8584.1
433.5	8019.7	9222.8	8611.3	8606.7
434.5	8028.6	9245.3	8633.5	8630
435.5	8043.1	9270.7	8654.5	8652.7
436.5	8050.5	9301.1	8675.9	8676.1
437.5	8064.2	9330	8697.4	8698.6
438.5	8071.6	9376.3	8722.4	8721
439.5	8079.8	9421.9	8742.2	8743.6
440.5	8104.5	9446.1	8766.7	8766
441.5	8135	9451.2	8789.6	8789.2
442.5	8166.1	9462.1	8810.6	8811.8
443.5	8192.8	9469.7	8834.5	8834.6
444.5	8218.6	9475.6	8854.9	8857.4
445.5	8242.4	9484.4	8879.5	8880
446.5	8261.9	9491.2	8903	8902.4
447.5	8283.4	9497.6	8928.7	8925.7
448.5	8312	9503.2	8955	8948.3
449.5	8328.2	9510.6	8979.4	8970.8
450.5	8356.3	9519.8	9005.1	8993.4
451.5	8371.7	9533.3	9030	9015.7
452.5	8390.8	9547	9060.2	9038.8
453.5	8408.3	9561.3	9086.5	9061.4
454.5	8420	9576.8	9112	9084.5
455.5	8432.2	9592.3	9139.4	9106.9
456.5	8450.1	9611.2	9163.2	9129.4
457.5	8461.4	9628.4	9186.7	9152.6
458.5	8479.5	9644.6	9211.7	9175.3
459.5	8488	9674.4	9235.3	9197.9
460.5	8524.7	9691.5	9255.6	9222.1
461.5	8593.4	9704.4	9279.9	9248.2
462.5	8657	9711.9	9304.1	9274.4
463.5	8721.1	9715.3	9324.3	9299.8
464.5	8786.2	9723.3	9349.2	9326.5
465.5	8845.4	9734.5	9371.3	9352.2
466.5	8906.6	9746.9	9394.5	9378
467.5	8971.9	9764.5	9417.1	9404.7
468.5	9036.5	9778	9440.8	9431.2
469.5	9098.7	9790.1	9463.2	9457.3
470.5	9158.9	9798.9	9486.5	9483.5
471.5	9213.7	9810.8	9508.3	9509.8
472.5	9271.8	9823.5	9531.5	9536.2
473.5	9331.5	9841.3	9552.5	9562.4
474.5	9387.4	9856.1	9574.5	9588.7
475.5	9440.3	9879.6	9597.2	9615
476.5	9489	9912.4	9618.8	9640.7
477.5	9518.5	9942.4	9643.2	9667.4
478.5	9535.4	9969.8	9673	9693.4
479.5	9549.4	9998	9701.5	9719.6
480.5	9567.4	10029.5	9727.4	9745.6
481.5	9586.8	10046	9753.6	9771.2
482.5	9600.7	10070.2	9783.5	9797.3
483.5	9612.9	10096.3	9810.2	9823.2
484.5	9630.9	10129.7	9837.5	9849.6
485.5	9639.2	10158.6	9863.9	9875.5
486.5	9651.7	10194.5	9890.7	9901.7
487.5	9656.5	10237.6	9917.1	9928
488.5	9669.5	10284.1	9942	9954.2
489.5	9673.9	10334.5	9967.6	9980
490.5	9680.9	10389.1	9991	10006.4
491.5	9686.6	10437.6	10015.8	10032.3
492.5	9689.9	10490.2	10041.2	10058.1
493.5	9697.2	10547.4	10065.6	10084.5
494.5	9701.5	10605.4	10089.7	10110.8
495.5	9707.2	10667.4	10113.8	10136.6
496.5	9711	10726.4	10137.4	10162.2
497.5	9716.2	10787.1	10161.7	10188
498.5	9721.1	10848.5	10187.2	10214.7
499.5	9722.4	10912.6	10213.8	10240.4
500.5	9742	10947.5	10238.7	10266.1
501.5	9772.3	10958	10265.8	10291.3
502.5	9794.3	10969.2	10294.9	10316.1
503.5	9817.3	10975.1	10322.2	10341.2
504.5	9837	10988.7	10353	10366.1
505.5	9854.8	10990.9	10381.9	10391.5
506.5	9870.5	11007.2	10408.9	10416.5
507.5	9886.1	11014.2	10439.6	10441.6
508.5	9903.3	11022.4	10471.6	10467.2
509.5	9917.6	11033.2	10503.2	10492.6
510.5	9932.7	11049.8	10535.8	10518.1
511.5	9947.9	11062.1	10568.1	10543.2
512.5	9963.9	11072.9	10597.3	10568.2
513.5	9974.9	11088.3	10625.3	10593.4
514.5	9989.9	11101.8	10652.1	10618.2
515.5	10002.4	11120.7	10681	10643.9
516.5	10014	11140.7	10709.7	10669.4
517.5	10022.5	11162.1	10737.2	10694.5
518.5	10034.5	11190	10762.6	10719.8
519.5	10046.6	11223.8	10785.6	10745
520.5	10071.8	11243.4	10809.3	10769.8
521.5	10136.4	11245.3	10834.1	10796
522.5	10196.7	11247.6	10855.5	10822.1
523.5	10256.1	11252.7	10878.3	10847.7
524.5	10319.3	11255	10902.5	10873.8
525.5	10377.5	11257.8	10925.5	10899.7
526.5	10439.9	11264	10949.9	10925.7
527.5	10501.8	11271.1	10972.7	10951.8
528.5	10562.1	11277.2	10998.9	10978.1
529.5	10616.9	11281.9	11024.2	11004.4
530.5	10666.6	11286.8	11049.8	11030.2
531.5	10721.6	11291.2	11075.1	11056.7
532.5	10760.4	11296.2	11098.9	11082.3
533.5	10798.7	11304.4	11124.9	11109
534.5	10834.4	11311.8	11148.4	11134.9
535.5	10863.9	11317.1	11175	11161.1
536.5	10888.2	11329.6	11202	11187.4
537.5	10916.1	11349.4	11229.7	11213.1
538.5	10930.7	11373.6	11258.5	11239.1
539.5	10955.6	11404.3	11285.2	11265
540.5	10995.8	11428.9	11311.1	11293.4
541.5	11045.1	11458.6	11337.2	11324
542.5	11090.1	11493.1	11363	11354.5
543.5	11128.4	11538.4	11389.8	11385.1
544.5	11168.4	11588.6	11415.1	11415.3
545.5	11204.1	11638.9	11442.2	11446.3
546.5	11237.2	11691.6	11470.9	11476.7
547.5	11268.4	11745.2	11498.5	11507.2
548.5	11290	11801.6	11528.7	11537.6
549.5	11307.9	11852	11558.3	11568.2
550.5	11322.1	11905.4	11587.2	11598.7
551.5	11334.8	11959.6	11617.1	11628.7
552.5	11343.6	12017.5	11646.9	11658.9
553.5	11349.1	12074.9	11676.9	11689.7
554.5	11361.4	12127.8	11705.8	11719.4
555.5	11367.4	12184	11733.4	11749.4
556.5	11375	12243.6	11762.5	11779.8
557.5	11380.9	12301.8	11792.1	11810
558.5	11388.4	12365	11820.1	11839.9
559.5	11391	12426.1	11850.2	11870.4
560.5	11416.8	12463.1	11877.8	11899
561.5	11466.5	12474.4	11908	11928.3
562.5	11508	12478.9	11936.9	11956.3
563.5	11546.2	12493.2	11965.8	11985.4
564.5	11577.4	12501.5	11996.3	12014
565.5	11610.7	12510.4	12028.1	12042.5
566.5	11641.6	12522.5	12060.6	12071.6
567.5	11665.3	12532	12094.4	12101.1
568.5	11695.3	12544.2	12126.8	12130.2
569.5	11720.3	12560.3	12160.3	12159.6
570.5	11740.2	12573	12193	12188.5
571.5	11765.5	12585.3	12227.3	12218.2
572.5	11787.1	12600.7	12262.9	12247.2
573.5	11804.5	12617.3	12297.3	12276.1
574.5	11824.3	12635.6	12332.2	12305.7
575.5	11839.4	12654.5	12366.4	12334.8
576.5	11857.4	12674.7	12398	12364.4
577.5	11878.6	12699.2	12430.2	12393.5
578.5	11892.2	12728.6	12459.3	12422.5
579.5	11908.1	12764.3	12487.7	12451.4
580.5	11966.1	12784.9	12517.5	12483.6
581.5	12063	12794.1	12548.9	12520.3
582.5	12158.3	12799.4	12580.7	12556.3
583.5	12250.2	12807.8	12611.2	12592.8
584.5	12348.4	12815.1	12643.7	12629.3
585.5	12433.3	12827.5	12674.7	12665.7
586.5	12490.9	12842.6	12708.4	12702.1
587.5	12545.1	12864.8	12746	12738.9
588.5	12584.6	12901.2	12783.8	12775.9
589.5	12614.7	12953	12816.9	12812.8
590.5	12650	13018	12846.7	12848.9
591.5	12679.9	13104.1	12875.2	12885.5
592.5	12693.5	13198.9	12903.9	12921.4
593.5	12705.4	13294.6	12932.9	12956.8
594.5	12715.7	13389.1	12962.9	12993
595.5	12725	13483.5	12989.5	13028.6
596.5	12736.1	13576.4	13020.4	13064.5
597.5	12741.8	13671.6	13051.6	13100.3
598.5	12746.8	13769.2	13082.8	13136.6
599.5	12758.7	13863.5	13110.7	13172.2
600.5	12781.9	13925.4	13148.8	13209.2
601.5	12820.5	13948.5	13186.7	13247.2
602.5	12849.6	13970.6	13230	13284.8
603.5	12874.5	14002.5	13273.9	13323.2
604.5	12900.7	14032.2	13319.2	13361.6
605.5	12918.7	14063.8	13363	13399.4
606.5	12938.3	14092.2	13408.6	13438.1
607.5	12955.9	14121.7	13452.3	13475.5
608.5	12973.1	14152.2	13495.2	13513.5
609.5	12989.1	14188.8	13535.4	13551.2
610.5	13004.3	14227.9	13576.6	13588.9
611.5	13018.5	14273.3	13616.3	13627
612.5	13036	14330.8	13655	13664.8
613.5	13050.1	14390.2	13696.3	13702.2
614.5	13063.1	14457.1	13731.5	13739.5
615.5	13075.4	14527.6	13772.2	13777.7
616.5	13090.9	14588.8	13808.1	13815.4
617.5	13104.8	14658.3	13847.1	13853
618.5	13111.1	14728.8	13885	13890
619.5	13122	14800	13922.5	13928.1
620.5	13161.6	14846.4	13956.4	13964.4
621.5	13229.1	14859.2	13990.6	13999.4
622.5	13289.9	14869.5	14026.4	14035.2
623.5	13350.1	14886.2	14058	14071.1
624.5	13410.7	14900	14090.3	14106.1
625.5	13467.7	14923.9	14126.7	14142.4
626.5	13523.8	14938.3	14159.6	14177.9
627.5	13575.3	14949.5	14195	14213
628.5	13635.2	14972.7	14233.1	14249.2
629.5	13687.7	14979.9	14268.5	14285
630.5	13736.9	14991.5	14302.6	14320.7
631.5	13783.5	15020.3	14337.5	14357.3
632.5	13821.5	15049.4	14372.2	14392.6
633.5	13854.7	15070.3	14408.5	14428.4
634.5	13882.2	15101.8	14443.4	14465.1
