depth	min	max	median	mean
21.5	15	484	302	283
22.5	28	513	319	303
23.5	45	541	337	324
24.5	62	565	356	344
25.5	81	593	376	365
26.5	99	620	395	385
27.5	119	646	415	405
28.5	138	675	436	426
29.5	158	700	457	446
30.5	178	729	477	467
31.5	196	755	497	488
32.5	215	778	516	509
33.5	230	801	536	529
34.5	244	828	555	550
35.5	261	854	576	570
36.5	279	878	597	591
37.5	296	902	617	612
38.5	313	927	638	633
39.5	333	950	658	654
40.5	353	976	677	674
41.5	372	1001	699	695
42.5	392	1029	721	716
43.5	412	1056	741	738
44.5	433	1078	762	759
45.5	452	1102	784	779
46.5	473	1126	803	800
47.5	491	1147	823	821
48.5	510	1170	842	841
49.5	529	1193	862	862
50.5	548	1221	884	883
51.5	567	1248	906	904
52.5	584	1272	927	925
53.5	603	1298	947	946
54.5	626	1318	969	967
55.5	643	1339	989	988
56.5	662	1363	1011	1009
57.5	680	1387	1030	1029
58.5	696	1411	1052	1050
59.5	712	1433	1071	1070
60.5	730	1456	1091	1090
61.5	748	1477	1111	1111
62.5	773	1502	1131	1132
63.5	793	1523	1152	1153
64.5	809	1542	1174	1173
65.5	827	1564	1196	1194
66.5	848	1589	1216	1215
67.5	868	1614	1236	1235
68.5	886	1639	1257	1256
69.5	904	1664	1277	1277
70.5	920	1687	1298	1297
71.5	938	1709	1319	1318
72.5	955	1727	1338	1338
73.5	979	1750	1360	1359
74.5	999	1774	1381	1380
75.5	1017	1798	1401	1401
76.5	1037	1823	1421	1422
77.5	1054	1850	1442	1443
78.5	1076	1876	1463	1464
79.5	1097	1899	1484	1485
80.5	1113	1920	1505	1506
81.5	1134	1940	1527	1527
82.5	1153	1963	1548	1548
83.5	1171	1988	1569	1569
84.5	1191	2009	1588	1589
85.5	1211	2033	1608	1609
86.5	1228	2057	1627	1630
87.5	1248	2081	1647	1650
88.5	1270	2104	1667	1672
89.5	1289	2128	1688	1693
90.5	1308	2148	1709	1713
91.5	1325	2169	1731	1734
92.5	1345	2191	1751	1754
93.5	1364	2213	1772	1775
94.5	1384	2235	1793	1796
95.5	1404	2258	1813	1817
96.5	1421	2282	1835	1837
97.5	1438	2312	1857	1858
98.5	1455	2325	1876	1880
99.5	1476	2346	1898	1901
100.5	1494	2370	1920	1921
101.5	1513	2387	1941	1942
102.5	1529	2408	1962	1963
103.5	1547	2431	1983	1984
104.5	1569	2458	2005	2005
105.5	1588	2482	2026	2026
106.5	1609	2503	2045	2046
107.5	1627	2527	2066	2067
108.5	1648	2550	2086	2088
109.5	1667	2572	2106	2108
110.5	1685	2595	2129	2129
111.5	1702	2612	2151	2150
112.5	1723	2639	2170	2171
113.5	1747	2660	2191	2192
114.5	1766	2681	2213	2213
115.5	1785	2701	2234	2234
116.5	1809	2724	2255	2255
117.5	1826	2748	2276	2276
118.5	1841	2772	2296	2297
119.5	1861	2797	2317	2318
120.5	1884	2817	2337	2339
121.5	1906	2834	2358	2360
122.5	1924	2854	2378	2381
123.5	1942	2873	2399	2401
124.5	1958	2897	2420	2422
125.5	1976	2920	2441	2442
126.5	1997	2943	2462	2463
127.5	2016	2964	2483	2483
128.5	2039	2983	2503	2504
129.5	2060	3007	2524	2525
130.5	2080	3030	2544	2545
131.5	2097	3051	2565	2566
132.5	2118	3072	2584	2586
133.5	2140	3096	2605	2606
134.5	2157	3118	2626	2627
135.5	2175	3136	2645	2647
136.5	2193	3157	2665	2668
137.5	2212	3179	2685	2689
138.5	2231	3203	2707	2710
139.5	2253	3226	2728	2731
140.5	2273	3245	2749	2752
141.5	2290	3268	2769	2773
142.5	2311	3289	2791	2794
143.5	2332	3307	2812	2814
144.5	2352	3328	2834	2835
145.5	2370	3351	2854	2856
146.5	2388	3374	2876	2877
147.5	2411	3395	2896	2897
148.5	2431	3414	2914	2918
149.5	2452	3436	2936	2938
150.5	2475	3454	2958	2959
151.5	2494	3478	2981	2980
152.5	2512	3501	3003	3002
153.5	2529	3523	3023	3023
154.5	2545	3543	3044	3044
155.5	2564	3564	3064	3065
156.5	2583	3586	3085	3086
157.5	2606	3608	3107	3106
158.5	2626	3635	3127	3127
159.5	2646	3655	3149	3148
160.5	2669	3674	3168	3168
161.5	2687	3695	3189	3189
162.5	2707	3717	3208	3210
163.5	2729	3736	3229	3230
164.5	2753	3757	3251	3251
165.5	2774	3780	3271	3272
166.5	2795	3807	3292	3293
167.5	2815	3827	3311	3314
168.5	2833	3847	3331	3334
169.5	2852	3868	3352	3355
170.5	2878	3891	3373	3376
171.5	2896	3915	3394	3396
172.5	2917	3936	3414	3416
173.5	2938	3961	3434	3437
174.5	2959	3981	3455	3458
175.5	2979	4002	3475	3479
176.5	2997	4021	3496	3500
177.5	3018	4039	3517	3520
178.5	3040	4063	3537	3541
179.5	3063	4085	3559	3562
180.5	3079	4105	3577	3583
181.5	3097	4126	3597	3603
182.5	3114	4145	3618	3624
183.5	3136	4165	3639	3644
184.5	3160	4185	3660	3665
185.5	3181	4207	3681	3686
186.5	3206	4229	3703	3706
187.5	3226	4250	3724	3727
188.5	3242	4270	3744	3748
189.5	3259	4294	3767	3768
190.5	3279	4315	3788	3790
191.5	3301	4339	3809	3810
192.5	3322	4358	3830	3831
193.5	3341	4380	3849	3851
194.5	3360	4397	3868	3872
195.5	3383	4419	3888	3892
196.5	3408	4438	3908	3912
197.5	3424	4459	3928	3933
198.5	3444	4482	3950	3954
199.5	3465	4502	3972	3975
200.5	3476	4522	3992	3996
201.5	3496	4541	4014	4016
202.5	3519	4562	4036	4037
203.5	3542	4581	4056	4058
204.5	3562	4605	4076	4079
205.5	3579	4625	4096	4100
206.5	3605	4648	4118	4120
207.5	3623	4669	4140	4141
208.5	3643	4685	4159	4162
209.5	3660	4701	4180	4183
210.5	3680	4726	4202	4204
211.5	3702	4746	4224	4225
212.5	3720	4765	4245	4245
213.5	3744	4788	4265	4266
214.5	3767	4811	4287	4287
215.5	3792	4834	4307	4307
216.5	3811	4857	4328	4328
217.5	3831	4877	4348	4348
218.5	3850	4894	4369	4369
219.5	3870	4918	4390	4389
220.5	3891	4941	4411	4410
221.5	3913	4962	4432	4431
222.5	3934	4982	4450	4451
223.5	3953	5000	4471	4472
224.5	3974	5023	4491	4492
225.5	3995	5042	4513	4513
226.5	4014	5060	4534	4534
227.5	4033	5081	4555	4555
228.5	4050	5100	4577	4576
229.5	4069	5122	4598	4597
230.5	4087	5145	4619	4618
231.5	4106	5165	4641	4639
232.5	4128	5186	4662	4660
233.5	4149	5210	4683	4681
234.5	4173	5230	4702	4702
235.5	4194	5248	4722	4722
236.5	4212	5273	4743	4743
237.5	4234	5292	4764	4763
238.5	4258	5317	4786	4785
239.5	4278	5339	4806	4806
240.5	4296	5356	4827	4827
241.5	4321	5377	4848	4848
242.5	4339	5398	4870	4868
243.5	4357	5417	4889	4889
244.5	4380	5441	4909	4910
245.5	4400	5463	4930	4930
246.5	4419	5487	4950	4951
247.5	4445	5507	4970	4972
248.5	4466	5530	4991	4993
249.5	4486	5550	5013	5014
250.5	4505	5572	5033	5034
251.5	4524	5593	5055	5055
252.5	4543	5611	5077	5076
253.5	4567	5629	5098	5097
254.5	4591	5653	5119	5118
255.5	4613	5677	5141	5139
256.5	4637	5695	5162	5160
257.5	4657	5717	5184	5181
258.5	4675	5737	5205	5202
259.5	4692	5759	5223	5222
260.5	4710	5783	5243	5243
261.5	4730	5804	5264	5264
262.5	4751	5826	5286	5285
263.5	4771	5849	5308	5306
264.5	4792	5866	5330	5327
265.5	4813	5885	5351	5347
266.5	4834	5908	5371	5368
267.5	4855	5931	5392	5388
268.5	4878	5946	5412	5409
269.5	4898	5970	5431	5429
270.5	4917	5984	5451	5449
271.5	4935	6008	5473	5470
272.5	4957	6028	5493	5491
273.5	4978	6050	5514	5512
274.5	5001	6074	5535	5533
275.5	5018	6094	5556	5554
276.5	5039	6116	5576	5574
277.5	5056	6137	5596	5595
278.5	5079	6157	5617	5616
279.5	5099	6173	5637	5636
280.5	5121	6190	5659	5656
281.5	5143	6217	5680	5677
282.5	5163	6241	5701	5697
283.5	5183	6257	5721	5718
284.5	5206	6274	5742	5739
285.5	5226	6292	5761	5759
286.5	5246	6313	5781	5780
287.5	5265	6334	5802	5800
288.5	5288	6353	5823	5821
289.5	5311	6373	5843	5842
290.5	5328	6400	5863	5863
291.5	5353	6421	5883	5884
292.5	5372	6438	5906	5904
293.5	5391	6456	5926	5925
294.5	5416	6481	5946	5946
295.5	5438	6504	5967	5967
296.5	5458	6526	5988	5987
297.5	5484	6542	6007	6008
298.5	5502	6562	6027	6028
299.5	5525	6580	6046	6049
300.5	5540	6604	6068	6069
301.5	5563	6622	6089	6090
302.5	5589	6640	6112	6110
303.5	5612	6662	6134	6131
304.5	5628	6683	6153	6152
305.5	5650	6707	6173	6173
306.5	5672	6728	6194	6194
307.5	5691	6747	6216	6215
308.5	5714	6768	6237	6236
309.5	5734	6787	6258	6258
310.5	5757	6810	6279	6279
311.5	5772	6832	6300	6300
312.5	5794	6853	6322	6321
313.5	5817	6874	6342	6342
314.5	5841	6899	6363	6363
315.5	5864	6919	6383	6384
316.5	5882	6935	6405	6404
317.5	5901	6951	6426	6425
318.5	5925	6972	6448	6446
319.5	5947	6994	6468	6466
320.5	5968	7016	6489	6487
321.5	5992	7036	6510	6508
322.5	6014	7054	6531	6529
323.5	6037	7074	6551	6549
324.5	6056	7092	6571	6570
325.5	6079	7110	6591	6590
326.5	6101	7130	6613	6611
327.5	6119	7150	6633	6631
328.5	6141	7169	6652	6651
329.5	6163	7190	6672	6672
330.5	6187	7209	6692	6692
331.5	6209	7227	6713	6713
332.5	6228	7247	6733	6734
333.5	6244	7268	6755	6755
334.5	6265	7288	6776	6776
335.5	6287	7311	6796	6797
336.5	6307	7328	6817	6818
337.5	6331	7348	6838	6839
338.5	6353	7368	6859	6860
339.5	6378	7388	6880	6880
340.5	6399	7407	6901	6901
341.5	6422	7429	6923	6922
342.5	6445	7445	6943	6943
343.5	6465	7467	6964	6964
344.5	6482	7489	6983	6985
345.5	6511	7505	7003	7006
346.5	6528	7526	7025	7027
347.5	6550	7546	7046	7047
348.5	6574	7565	7065	7068
349.5	6598	7590	7086	7088
350.5	6616	7609	7108	7109
351.5	6641	7628	7128	7129
352.5	6665	7646	7148	7150
353.5	6689	7667	7170	7171
354.5	6714	7689	7191	7192
355.5	6734	7709	7210	7212
356.5	6754	7724	7232	7233
357.5	6771	7743	7250	7253
358.5	6793	7763	7270	7274
359.5	6812	7778	7290	7294
360.5	6836	7799	7311	7315
361.5	6857	7818	7332	7336
362.5	6883	7839	7355	7357
363.5	6905	7865	7376	7378
364.5	6930	7884	7397	7399
365.5	6955	7902	7417	7420
366.5	6977	7925	7437	7441
367.5	6999	7944	7456	7461
368.5	7022	7962	7477	7482
369.5	7044	7984	7497	7502
370.5	7064	8003	7518	7522
371.5	7087	8024	7539	7543
372.5	7108	8042	7560	7564
373.5	7130	8061	7581	7585
374.5	7154	8079	7602	7605
375.5	7172	8099	7623	7626
376.5	7190	8119	7646	7648
377.5	7212	8140	7667	7668
378.5	7236	8160	7687	7689
379.5	7257	8180	7708	7709
380.5	7277	8198	7728	7730
381.5	7302	8216	7748	7750
382.5	7328	8236	7770	7771
383.5	7351	8256	7791	7791
384.5	7371	8280	7812	7812
385.5	7391	8300	7832	7833
386.5	7413	8322	7853	7854
387.5	7435	8338	7873	7874
388.5	7457	8356	7895	7895
389.5	7479	8372	7914	7916
390.5	7496	8395	7935	7937
391.5	7517	8418	7956	7958
392.5	7540	8438	7976	7978
393.5	7564	8461	7997	7999
394.5	7589	8481	8019	8019
395.5	7610	8502	8039	8040
396.5	7628	8518	8061	8061
397.5	7649	8536	8081	8081
398.5	7671	8555	8100	8102
399.5	7695	8577	8121	8123
400.5	7718	8598	8142	8144
401.5	7737	8621	8163	8165
402.5	7765	8639	8183	8186
403.5	7788	8656	8204	8207
404.5	7809	8677	8224	8228
405.5	7830	8695	8244	8249
406.5	7848	8714	8266	8270
407.5	7874	8729	8286	8290
408.5	7897	8749	8307	8311
409.5	7916	8768	8327	8332
410.5	7940	8785	8349	8353
411.5	7960	8803	8371	8374
412.5	7984	8820	8391	8394
413.5	8003	8840	8411	8414
414.5	8026	8861	8431	8435
415.5	8051	8879	8451	8456
416.5	8073	8898	8471	8477
417.5	8096	8917	8492	8497
418.5	8116	8938	8512	8518
419.5	8140	8956	8534	8538
420.5	8161	8977	8554	8559
421.5	8181	8997	8576	8580
422.5	8202	9020	8597	8601
423.5	8229	9039	8617	8622
424.5	8256	9059	8638	8643
425.5	8278	9079	8659	8663
426.5	8297	9095	8678	8684
427.5	8322	9114	8699	8704
428.5	8345	9129	8720	8725
429.5	8370	9152	8739	8746
430.5	8393	9174	8762	8767
431.5	8422	9196	8783	8788
432.5	8444	9217	8804	8809
433.5	8468	9240	8823	8829
434.5	8493	9256	8843	8850
435.5	8516	9279	8864	8871
436.5	8538	9296	8886	8891
437.5	8561	9316	8906	8912
438.5	8587	9330	8926	8933
439.5	8612	9349	8947	8954
440.5	8633	9369	8968	8975
441.5	8657	9391	8989	8996
442.5	8680	9411	9008	9017
443.5	8704	9429	9029	9038
444.5	8730	9448	9050	9059
445.5	8755	9469	9070	9079
446.5	8777	9488	9090	9100
447.5	8804	9506	9111	9120
448.5	8828	9531	9131	9141
449.5	8852	9548	9151	9161
450.5	8877	9567	9173	9182
451.5	8902	9585	9192	9203
452.5	8927	9604	9213	9224
453.5	8950	9624	9232	9244
454.5	8973	9640	9252	9265
455.5	8998	9659	9272	9286
456.5	9020	9678	9292	9306
457.5	9044	9700	9312	9327
458.5	9069	9715	9333	9347
459.5	9092	9734	9353	9368
460.5	9121	9754	9372	9389
461.5	9147	9774	9392	9410
462.5	9173	9796	9413	9430
463.5	9198	9815	9433	9451
464.5	9223	9835	9454	9472
465.5	9247	9858	9474	9493
466.5	9271	9883	9494	9514
467.5	9297	9901	9514	9535
468.5	9326	9917	9533	9556
469.5	9354	9939	9552	9577
470.5	9384	9960	9571	9598
471.5	9411	9985	9591	9619
472.5	9444	10007	9611	9640
473.5	9475	10028	9632	9661
474.5	9513	10048	9652	9682
475.5	9537	10071	9674	9705
476.5	9558	10089	9700	9729
477.5	9578	10114	9726	9754
478.5	9593	10137	9753	9780
479.5	9611	10156	9780	9805
480.5	9627	10175	9805	9830
481.5	9648	10200	9831	9855
482.5	9665	10228	9859	9881
483.5	9684	10249	9886	9906
484.5	9704	10267	9912	9931
485.5	9726	10291	9938	9956
486.5	9751	10310	9964	9980
487.5	9773	10333	9990	10005
488.5	9794	10353	10015	10030
489.5	9813	10375	10041	10055
490.5	9836	10399	10067	10081
491.5	9859	10423	10094	10106
492.5	9884	10451	10122	10132
493.5	9905	10472	10148	10157
494.5	9925	10499	10173	10181
495.5	9949	10522	10198	10206
496.5	9971	10545	10224	10231
497.5	9997	10566	10250	10257
498.5	10021	10590	10276	10282
499.5	10045	10614	10301	10307
500.5	10069	10635	10327	10332
501.5	10090	10657	10352	10357
502.5	10112	10679	10376	10381
503.5	10137	10699	10401	10406
504.5	10164	10720	10429	10431
505.5	10190	10744	10455	10456
506.5	10213	10767	10480	10482
507.5	10237	10790	10506	10507
508.5	10265	10812	10532	10532
509.5	10288	10839	10557	10557
510.5	10312	10855	10583	10582
511.5	10338	10879	10608	10607
512.5	10365	10900	10634	10633
513.5	10394	10921	10659	10658
514.5	10418	10941	10685	10684
515.5	10445	10963	10711	10709
516.5	10471	10985	10736	10734
517.5	10500	11003	10761	10759
518.5	10530	11026	10786	10784
519.5	10557	11047	10811	10808
520.5	10585	11067	10837	10833
521.5	10619	11088	10862	10858
522.5	10647	11108	10886	10883
523.5	10674	11130	10911	10908
524.5	10699	11148	10937	10933
525.5	10729	11170	10961	10958
526.5	10757	11187	10986	10983
527.5	10787	11213	11011	11008
528.5	10820	11238	11037	11033
529.5	10850	11262	11062	11058
530.5	10879	11284	11087	11084
531.5	10913	11305	11112	11109
532.5	10945	11327	11136	11134
533.5	10985	11349	11161	11159
534.5	11024	11375	11185	11184
535.5	11070	11399	11208	11210
536.5	11117	11424	11234	11236
537.5	11138	11445	11261	11264
538.5	11157	11482	11288	11294
539.5	11179	11528	11316	11324
540.5	11201	11566	11345	11355
541.5	11224	11609	11376	11386
542.5	11250	11644	11408	11417
543.5	11272	11680	11437	11447
544.5	11293	11710	11468	11477
545.5	11318	11745	11500	11507
546.5	11340	11780	11531	11538
547.5	11366	11814	11562	11569
548.5	11392	11850	11594	11600
549.5	11420	11880	11626	11631
550.5	11444	11911	11658	11662
551.5	11470	11947	11691	11692
552.5	11495	11973	11721	11723
553.5	11524	12003	11751	11753
554.5	11550	12032	11781	11784
555.5	11578	12062	11811	11814
556.5	11602	12089	11842	11843
557.5	11629	12117	11871	11873
558.5	11655	12152	11902	11903
559.5	11679	12184	11933	11933
560.5	11710	12211	11963	11963
561.5	11737	12239	11995	11993
562.5	11769	12269	12025	12022
563.5	11798	12294	12054	12052
564.5	11831	12321	12085	12083
565.5	11859	12352	12116	12113
566.5	11892	12377	12146	12142
567.5	11924	12402	12177	12172
568.5	11957	12429	12205	12202
569.5	11987	12457	12236	12232
570.5	12018	12480	12266	12262
571.5	12048	12505	12296	12292
572.5	12079	12528	12327	12323
573.5	12117	12555	12359	12353
574.5	12155	12578	12391	12384
575.5	12190	12602	12422	12414
576.5	12228	12624	12452	12445
577.5	12267	12649	12483	12475
578.5	12302	12669	12513	12505
579.5	12339	12690	12543	12536
580.5	12379	12708	12574	12566
581.5	12417	12730	12604	12596
582.5	12454	12746	12635	12626
583.5	12501	12767	12664	12656
584.5	12556	12784	12695	12686
585.5	12592	12809	12727	12717
586.5	12616	12863	12755	12748
587.5	12638	12918	12781	12779
588.5	12655	12976	12808	12810
589.5	12675	13028	12836	12841
590.5	12694	13073	12867	12871
591.5	12716	13123	12896	12902
592.5	12737	13163	12926	12932
593.5	12760	13206	12956	12963
594.5	12782	13242	12986	12995
595.5	12806	13284	13017	13026
596.5	12828	13324	13048	13056
597.5	12850	13367	13080	13087
598.5	12870	13405	13112	13118
599.5	12894	13450	13142	13150
600.5	12913	13488	13175	13182
601.5	12936	13529	13206	13213
602.5	12960	13569	13238	13245
603.5	12986	13605	13270	13276
604.5	13008	13637	13302	13307
605.5	13030	13677	13333	13338
606.5	13056	13712	13364	13369
607.5	13079	13751	13395	13400
608.5	13106	13795	13426	13431
609.5	13129	13829	13454	13459
610.5	13151	13852	13481	13484
611.5	13168	13880	13508	13509
612.5	13191	13908	13536	13535
613.5	13210	13930	13561	13560
614.5	13230	13957	13586	13584
615.5	13254	13983	13611	13609
616.5	13274	14010	13636	13634
617.5	13298	14037	13662	13659
618.5	13319	14063	13685	13684
619.5	13343	14085	13711	13709
620.5	13363	14113	13736	13734
621.5	13385	14140	13763	13759
622.5	13404	14167	13789	13784
623.5	13425	14192	13815	13809
624.5	13446	14215	13840	13834
625.5	13465	14241	13865	13858
626.5	13485	14266	13891	13883
627.5	13508	14292	13917	13908
628.5	13533	14320	13945	13933
629.5	13553	14345	13970	13957
630.5	13573	14369	13996	13982
631.5	13596	14394	14019	14006
632.5	13619	14417	14044	14030
