depth	min	max	median	mean
27	1492	2315	1714	1837
28	1536	2359	1759	1881
29	1580	2403	1803	1926
30	1624	2447	1847	1970
31	1668	2491	1891	2014
32	1712	2535	1935	2058
33	1756	2580	1978	2102
34	1800	2624	2022	2146
35	1844	2668	2067	2191
36	1889	2712	2111	2235
37	1933	2756	2155	2279
38	1978	2801	2200	2323
39	2022	2846	2245	2368
40	2067	2890	2289	2412
41	2111	2935	2334	2457
42	2156	2980	2379	2501
43	2200	3024	2423	2546
44	2245	3069	2468	2590
45	2289	3114	2512	2635
46	2334	3158	2557	2679
47	2378	3203	2601	2724
48	2423	3248	2645	2769
49	2468	3293	2690	2813
50	2513	3338	2735	2858
51	2558	3383	2780	2903
52	2603	3428	2825	2948
53	2648	3472	2869	2992
54	2692	3516	2914	3037
55	2737	3561	2958	3082
56	2782	3605	3002	3127
57	2827	3650	3047	3172
58	2872	3695	3093	3217
59	2917	3740	3138	3262
60	2962	3785	3184	3307
61	3007	3830	3229	3352
62	3053	3874	3275	3397
63	3098	3919	3320	3442
64	3143	3964	3365	3487
65	3188	4009	3410	3533
66	3233	4054	3456	3578
67	3277	4099	3501	3623
68	3323	4145	3546	3668
69	3369	4190	3591	3714
70	3414	4236	3636	3759
71	3460	4282	3681	3805
72	3506	4327	3727	3850
73	3551	4373	3772	3896
74	3597	4418	3817	3941
75	3643	4464	3862	3986
76	3688	4510	3907	4032
77	3734	4555	3952	4077
78	3780	4601	3998	4123
79	3826	4647	4043	4169
80	3872	4693	4088	4215
81	3917	4739	4134	4260
82	3963	4785	4179	4306
83	4009	4831	4225	4352
84	4055	4876	4271	4398
85	4101	4922	4317	4443
86	4147	4967	4363	4489
87	4193	5013	4408	4535
88	4239	5059	4454	4581
89	4284	5105	4500	4627
90	4330	5151	4546	4673
91	4376	5197	4592	4719
92	4422	5243	4638	4765
93	4468	5289	4683	4811
94	4514	5334	4729	4857
95	4560	5380	4775	4903
96	4605	5426	4821	4949
97	4651	5472	4867	4995
98	4697	5519	4913	5042
99	4743	5566	4960	5088
100	4790	5612	5007	5134
101	4837	5658	5053	5181
102	4883	5704	5099	5227
103	4929	5751	5146	5273
104	4975	5798	5192	5320
105	5021	5844	5238	5366
106	5067	5891	5284	5412
107	5113	5938	5330	5459
108	5160	5985	5377	5505
109	5206	6031	5424	5552
110	5253	6077	5470	5599
111	5299	6125	5516	5645
112	5346	6172	5562	5692
113	5392	6218	5609	5738
114	5439	6266	5656	5785
115	5486	6313	5702	5832
116	5532	6360	5749	5878
117	5579	6407	5796	5925
118	5626	6454	5842	5972
119	5673	6501	5889	6019
120	5720	6548	5936	6065
121	5767	6596	5983	6112
122	5814	6643	6029	6159
123	5861	6690	6076	6206
124	5908	6737	6123	6253
125	5955	6785	6169	6300
126	6002	6832	6216	6347
127	6049	6879	6263	6394
128	6097	6926	6310	6441
129	6145	6974	6357	6488
130	6192	7021	6405	6535
131	6239	7068	6452	6582
132	6286	7116	6499	6630
133	6333	7163	6546	6677
134	6380	7210	6593	6724
135	6428	7258	6640	6771
136	6475	7306	6687	6818
137	6522	7354	6734	6866
138	6569	7402	6782	6913
139	6617	7450	6830	6961
140	6664	7498	6877	7008
141	6711	7546	6925	7055
142	6758	7594	6972	7103
143	6806	7643	7020	7150
144	6853	7691	7068	7198
145	6901	7739	7115	7245
146	6948	7787	7162	7293
147	6996	7835	7210	7340
148	7044	7883	7257	7388
149	7092	7931	7305	7436
150	7139	7979	7353	7484
151	7186	8027	7401	7531
152	7234	8075	7449	7579
153	7281	8122	7497	7627
154	7328	8170	7544	7675
155	7376	8218	7592	7722
156	7423	8267	7640	7770
157	7470	8316	7688	7818
158	7518	8364	7737	7866
159	7566	8413	7785	7914
160	7614	8462	7834	7962
161	7663	8510	7882	8010
162	7711	8559	7930	8059
163	7759	8607	7979	8107
164	7807	8655	8027	8155
165	7854	8703	8075	8203
166	7902	8751	8123	8251
167	7950	8799	8171	8299
168	7998	8848	8219	8348
169	8046	8896	8267	8396
170	8095	8945	8316	8445
171	8143	8994	8364	8493
172	8192	9043	8413	8542
173	8240	9092	8461	8590
174	8288	9140	8510	8639
175	8336	9188	8559	8687
176	8384	9237	8608	8736
177	8432	9286	8656	8784
178	8481	9335	8705	8833
179	8530	9384	8754	8882
180	8578	9434	8802	8930
181	8627	9483	8852	8979
182	8675	9532	8900	9028
183	8724	9581	8949	9077
184	8773	9631	8998	9126
185	8821	9680	9047	9174
186	8870	9729	9096	9223
187	8919	9778	9145	9272
188	8968	9828	9194	9321
189	9017	9878	9244	9370
190	9066	9927	9293	9419
191	9116	9977	9342	9468
192	9165	10026	9391	9518
193	9214	10076	9440	9567
194	9263	10126	9490	9616
195	9312	10176	9539	9665
196	9361	10225	9589	9714
197	9410	10275	9638	9763
198	9459	10325	9687	9813
199	9508	10376	9736	9862
200	9558	10425	9786	9911
201	9607	10475	9835	9961
202	9657	10524	9884	10010
203	9706	10574	9933	10060
204	9755	10623	9982	10109
205	9804	10673	10032	10159
206	9853	10723	10082	10208
207	9901	10773	10131	10257
208	9951	10823	10181	10307
209	10000	10873	10231	10357
210	10049	10923	10281	10406
211	10099	10974	10330	10456
212	10148	11024	10380	10505
213	10198	11074	10430	10555
214	10247	11124	10480	10605
215	10297	11175	10530	10654
216	10346	11225	10579	10704
217	10396	11275	10629	10753
218	10446	11325	10679	10803
219	10496	11375	10729	10853
220	10545	11425	10779	10903
221	10594	11475	10829	10953
222	10644	11525	10879	11003
223	10695	11575	10928	11052
224	10745	11625	10978	11102
225	10795	11675	11028	11152
226	10844	11725	11077	11202
227	10894	11775	11127	11252
228	10944	11825	11177	11302
229	10995	11875	11228	11352
230	11045	11925	11278	11402
231	11095	11975	11328	11452
232	11145	12025	11379	11502
233	11194	12076	11429	11552
234	11244	12125	11479	11602
235	11294	12175	11529	11652
236	11344	12225	11579	11702
237	11394	12275	11629	11752
238	11444	12325	11680	11802
239	11495	12375	11730	11852
240	11545	12425	11781	11903
241	11596	12475	11831	11953
242	11646	12526	11881	12003
243	11695	12576	11932	12053
244	11745	12627	11982	12104
245	11795	12677	12033	12154
246	11844	12728	12083	12204
247	11894	12779	12133	12254
248	11944	12829	12183	12305
249	11994	12880	12234	12355
250	12044	12931	12284	12406
251	12094	12982	12334	12456
252	12145	13032	12385	12506
253	12195	13083	12436	12557
254	12245	13134	12486	12607
255	12295	13185	12537	12657
256	12345	13235	12588	12708
257	12395	13286	12639	12758
258	12446	13337	12690	12809
259	12497	13387	12740	12859
260	12548	13438	12791	12910
261	12599	13488	12842	12961
262	12649	13538	12892	13011
263	12700	13589	12943	13062
264	12750	13639	12994	13113
265	12801	13690	13044	13163
266	12851	13740	13095	13214
267	12902	13791	13146	13264
268	12953	13842	13197	13315
269	13003	13893	13248	13366
270	13054	13945	13299	13417
271	13105	13996	13350	13468
272	13156	14047	13400	13519
273	13206	14098	13451	13569
274	13257	14150	13502	13620
275	13307	14201	13553	13671
276	13358	14252	13604	13722
277	13409	14303	13655	13773
278	13459	14354	13707	13824
279	13509	14405	13759	13875
280	13560	14456	13810	13926
281	13610	14507	13861	13977
282	13661	14558	13911	14029
283	13711	14609	13963	14080
284	13762	14660	14014	14131
285	13812	14712	14066	14182
286	13863	14763	14117	14233
287	13915	14815	14168	14284
288	13968	14866	14219	14336
289	14020	14918	14271	14387
290	14072	14969	14322	14439
291	14124	15020	14373	14490
292	14174	15072	14425	14541
293	14225	15123	14476	14593
294	14277	15175	14528	14644
295	14329	15226	14579	14696
296	14381	15277	14631	14747
297	14432	15329	14682	14799
298	14484	15381	14734	14850
299	14535	15433	14786	14902
300	14588	15485	14838	14954
301	14640	15537	14890	15005
302	14691	15589	14941	15057
303	14743	15641	14993	15109
304	14794	15694	15044	15160
305	14845	15746	15097	15212
306	14896	15798	15149	15264
307	14947	15850	15201	15315
308	14999	15902	15253	15367
309	15050	15955	15305	15419
310	15101	16007	15357	15471
311	15153	16059	15409	15523
312	15205	16111	15462	15575
313	15256	16163	15514	15626
314	15309	16215	15566	15678
315	15361	16268	15617	15730
316	15412	16320	15669	15782
317	15464	16373	15721	15834
318	15516	16425	15773	15886
319	15568	16477	15825	15938
320	15620	16529	15877	15990
321	15672	16581	15929	16042
322	15724	16633	15982	16094
323	15776	16685	16035	16146
324	15827	16737	16087	16199
325	15879	16789	16139	16251
326	15931	16841	16192	16303
327	15983	16892	16243	16355
328	16035	16944	16296	16407
329	16087	16997	16348	16459
330	16139	17049	16400	16512
331	16191	17101	16453	16564
332	16243	17154	16505	16616
333	16295	17206	16558	16669
334	16346	17259	16610	16721
335	16398	17311	16663	16773
336	16450	17364	16715	16825
337	16502	17416	16768	16878
338	16554	17469	16821	16930
339	16606	17522	16874	16983
340	16659	17575	16926	17036
341	16711	17628	16979	17088
342	16763	17681	17032	17141
343	16816	17734	17085	17194
344	16868	17787	17137	17246
345	16921	17840	17190	17299
346	16973	17893	17242	17351
347	17026	17946	17295	17404
348	17078	18000	17348	17457
349	17131	18053	17401	17510
350	17183	18107	17454	17563
351	17237	18160	17507	17616
352	17290	18214	17559	17669
353	17342	18268	17612	17722
354	17395	18321	17665	17775
355	17448	18374	17718	17828
356	17500	18428	17772	17881
357	17552	18481	17825	17934
358	17605	18535	17878	17987
359	17658	18589	17932	18040
360	17711	18642	17985	18093
361	17764	18696	18038	18146
362	17817	18750	18091	18200
363	17869	18803	18145	18253
364	17922	18857	18199	18306
365	17975	18911	18252	18359
366	18028	18965	18305	18412
367	18080	19018	18359	18466
368	18133	19073	18412	18519
369	18186	19127	18466	18573
370	18239	19181	18520	18626
371	18292	19235	18574	18680
372	18345	19289	18627	18733
373	18398	19343	18681	18787
374	18452	19397	18735	18840
375	18505	19451	18789	18894
376	18558	19505	18843	18947
377	18612	19559	18896	19001
378	18665	19613	18950	19055
379	18719	19668	19005	19109
380	18772	19722	19059	19163
381	18826	19776	19114	19217
382	18879	19830	19168	19270
383	18933	19884	19222	19324
384	18986	19938	19276	19378
385	19040	19992	19331	19432
386	19093	20047	19385	19486
387	19147	20100	19440	19540
388	19201	20154	19494	19594
389	19254	20208	19548	19648
390	19308	20263	19602	19703
391	19362	20318	19657	19757
392	19416	20372	19712	19811
393	19470	20427	19766	19865
394	19524	20482	19821	19920
395	19578	20536	19875	19974
396	19632	20591	19929	20028
397	19685	20645	19984	20082
398	19740	20700	20038	20137
399	19794	20755	20093	20192
400	19848	20810	20147	20246
401	19903	20865	20202	20301
402	19957	20920	20257	20355
403	20012	20975	20311	20410
404	20066	21030	20366	20464
405	20121	21084	20421	20519
406	20175	21139	20476	20574
407	20229	21194	20530	20628
408	20284	21249	20585	20683
409	20339	21304	20640	20738
410	20394	21360	20695	20793
411	20449	21415	20750	20848
412	20504	21470	20804	20903
413	20559	21526	20860	20958
414	20613	21581	20915	21013
415	20668	21636	20970	21068
416	20723	21691	21025	21123
417	20778	21746	21080	21178
418	20833	21801	21136	21233
419	20889	21857	21191	21289
420	20944	21912	21246	21344
421	20999	21967	21302	21399
422	21055	22023	21357	21455
423	21110	22078	21412	21510
424	21165	22134	21467	21565
425	21220	22189	21523	21621
426	21276	22244	21578	21676
427	21331	22300	21634	21731
428	21386	22355	21690	21787
429	21442	22411	21745	21843
430	21498	22467	21801	21899
431	21554	22523	21857	21954
432	21610	22578	21912	22010
433	21666	22634	21968	22066
434	21722	22690	22024	22122
435	21778	22746	22080	22177
436	21834	22802	22135	22233
437	21890	22857	22191	22289
438	21946	22913	22247	22345
439	22002	22969	22303	22401
440	22058	23025	22359	22457
441	22114	23081	22416	22514
442	22170	23138	22472	22570
443	22226	23194	22528	22626
444	22283	23250	22584	22682
445	22339	23306	22640	22738
446	22396	23362	22696	22794
447	22452	23418	22752	22851
448	22509	23475	22809	22907
449	22566	23531	22865	22964
450	22623	23588	22922	23021
451	22679	23644	22979	23077
452	22736	23701	23036	23134
453	22792	23757	23093	23191
454	22848	23814	23150	23247
455	22905	23870	23207	23304
456	22961	23927	23263	23361
457	23018	23984	23320	23417
458	23075	24041	23377	23474
459	23132	24098	23434	23532
460	23189	24156	23491	23589
461	23247	24213	23548	23646
462	23304	24270	23605	23703
463	23361	24327	23662	23760
464	23418	24384	23719	23817
465	23476	24441	23777	23874
466	23533	24498	23834	23931
467	23590	24555	23891	23989
468	23648	24613	23949	24046
469	23706	24671	24006	24104
470	23764	24728	24064	24161
471	23821	24786	24122	24219
472	23879	24843	24179	24277
473	23937	24901	24237	24334
474	23995	24958	24295	24392
475	24053	25016	24353	24449
476	24111	25073	24410	24507
477	24169	25131	24468	24565
478	24227	25189	24526	24623
479	24285	25247	24584	24681
480	24343	25305	24642	24739
481	24401	25363	24700	24797
482	24459	25421	24758	24855
483	24516	25479	24816	24913
484	24574	25537	24874	24971
485	24632	25595	24932	25029
