depth	min95%	max95%	best	accrate
21	-6	446	259	18.55
22	13	464	278	18.55
23	33	483	296	18.55
24	52	501	315	18.55
25	71	521	333	18.55
26	90	539	352	18.55
27	109	557	370	18.55
28	129	575	389	18.55
29	148	592	407	18.55
30	168	610	426	18.55
31	188	628	445	18.55
32	207	647	463	18.56
33	226	666	482	18.56
34	246	684	500	18.56
35	265	702	519	18.56
36	284	720	537	18.56
37	303	738	556	18.56
38	322	755	574	18.56
39	341	773	593	18.56
40	360	791	612	18.56
41	379	810	630	18.56
42	398	828	649	18.56
43	417	847	667	18.57
44	436	865	686	18.57
45	455	883	704	18.57
46	475	901	723	18.57
47	494	919	742	18.57
48	513	937	760	18.57
49	532	955	779	18.57
50	552	973	797	18.58
51	571	991	816	18.58
52	590	1009	834	18.58
53	609	1027	853	18.58
54	629	1046	872	18.58
55	648	1067	890	18.58
56	667	1086	909	18.59
57	686	1106	927	18.59
58	705	1125	946	18.59
59	724	1142	965	18.59
60	743	1162	983	18.59
61	762	1181	1002	18.6
62	781	1199	1020	18.6
63	800	1217	1039	18.6
64	819	1236	1058	18.6
65	838	1255	1076	18.61
66	857	1274	1095	18.61
67	876	1293	1113	18.61
68	895	1311	1132	18.61
69	914	1330	1151	18.62
70	933	1348	1169	18.62
71	951	1368	1188	18.62
72	971	1387	1206	18.63
73	990	1407	1225	18.63
74	1009	1426	1244	18.63
75	1028	1446	1262	18.63
76	1047	1465	1281	18.64
77	1066	1484	1300	18.64
78	1086	1503	1318	18.64
79	1105	1523	1337	18.65
80	1124	1543	1356	18.65
81	1143	1562	1374	18.65
82	1162	1581	1393	18.66
83	1181	1601	1411	18.66
84	1200	1620	1430	18.67
85	1219	1639	1449	18.67
86	1238	1658	1467	18.67
87	1257	1677	1486	18.68
88	1276	1695	1505	18.68
89	1295	1714	1524	18.68
90	1314	1732	1542	18.69
91	1333	1750	1561	18.69
92	1352	1769	1580	18.7
93	1371	1787	1598	18.7
94	1390	1806	1617	18.7
95	1409	1825	1636	18.71
96	1428	1845	1654	18.71
97	1447	1865	1673	18.72
98	1466	1883	1692	18.72
99	1484	1902	1711	18.73
100	1503	1922	1729	18.73
101	1522	1942	1748	18.74
102	1541	1962	1767	18.74
103	1561	1982	1785	18.74
104	1580	2002	1804	18.75
105	1598	2022	1823	18.75
106	1617	2040	1842	18.76
107	1636	2059	1860	18.76
108	1656	2077	1879	18.77
109	1675	2097	1898	18.77
110	1694	2118	1917	18.78
111	1713	2138	1936	18.78
112	1731	2158	1954	18.79
113	1750	2178	1973	18.8
114	1769	2198	1992	18.8
115	1788	2218	2011	18.81
116	1808	2238	2030	18.81
117	1827	2259	2048	18.82
118	1846	2278	2067	18.82
119	1865	2298	2086	18.83
120	1884	2318	2105	18.83
121	1903	2339	2124	18.84
122	1922	2359	2142	18.85
123	1941	2379	2161	18.85
124	1960	2398	2180	18.86
125	1979	2417	2199	18.86
126	1998	2437	2218	18.87
127	2017	2458	2237	18.88
128	2036	2478	2256	18.88
129	2056	2497	2275	18.89
130	2075	2516	2293	18.89
131	2094	2535	2312	18.9
132	2113	2555	2331	18.91
133	2133	2575	2350	18.91
134	2151	2595	2369	18.92
135	2171	2615	2388	18.93
136	2190	2635	2407	18.93
137	2209	2654	2426	18.94
138	2228	2674	2445	18.95
139	2248	2693	2464	18.95
140	2267	2713	2483	18.96
141	2286	2733	2502	18.97
142	2305	2752	2521	18.97
143	2325	2772	2540	18.98
144	2344	2792	2559	18.99
145	2363	2812	2578	19
146	2383	2832	2597	19
147	2402	2852	2616	19.01
148	2421	2872	2635	19.02
149	2441	2893	2654	19.02
150	2460	2913	2673	19.03
151	2479	2933	2692	19.04
152	2499	2953	2711	19.05
153	2518	2972	2730	19.06
154	2538	2992	2749	19.06
155	2557	3011	2768	19.07
156	2577	3031	2787	19.08
157	2596	3050	2806	19.09
158	2615	3070	2825	19.09
159	2633	3089	2844	19.1
160	2652	3109	2863	19.11
161	2671	3128	2882	19.12
162	2690	3148	2901	19.13
163	2709	3167	2921	19.13
164	2728	3187	2940	19.14
165	2747	3207	2959	19.15
166	2766	3227	2978	19.16
167	2786	3247	2997	19.17
168	2805	3268	3016	19.18
169	2825	3288	3036	19.19
170	2844	3308	3055	19.19
171	2864	3328	3074	19.2
172	2883	3348	3093	19.21
173	2903	3369	3112	19.22
174	2921	3389	3132	19.23
175	2940	3409	3151	19.24
176	2959	3429	3170	19.25
177	2978	3449	3189	19.26
178	2997	3470	3209	19.26
179	3016	3490	3228	19.27
180	3035	3510	3247	19.28
181	3054	3530	3266	19.29
182	3073	3550	3286	19.3
183	3092	3570	3305	19.31
184	3111	3591	3324	19.32
185	3131	3611	3344	19.33
186	3149	3631	3363	19.34
187	3168	3651	3382	19.35
188	3187	3671	3402	19.36
189	3206	3692	3421	19.37
190	3225	3711	3440	19.38
191	3243	3731	3460	19.39
192	3262	3751	3479	19.4
193	3281	3770	3498	19.41
194	3300	3790	3518	19.42
195	3319	3809	3537	19.43
196	3338	3829	3557	19.44
197	3358	3848	3576	19.45
198	3377	3868	3596	19.46
199	3396	3888	3615	19.47
200	3416	3907	3635	19.48
201	3435	3927	3654	19.49
202	3454	3946	3674	19.5
203	3473	3966	3693	19.51
204	3492	3986	3713	19.52
205	3511	4006	3732	19.53
206	3530	4026	3752	19.54
207	3550	4046	3771	19.55
208	3569	4066	3791	19.56
209	3588	4086	3810	19.58
210	3608	4106	3830	19.59
211	3627	4126	3849	19.6
212	3646	4147	3869	19.61
213	3666	4167	3889	19.62
214	3685	4187	3908	19.63
215	3704	4207	3928	19.64
216	3724	4227	3948	19.65
217	3743	4248	3967	19.66
218	3763	4268	3987	19.68
219	3782	4288	4006	19.69
220	3802	4308	4026	19.7
221	3821	4328	4046	19.71
222	3841	4348	4066	19.72
223	3860	4369	4085	19.73
224	3880	4388	4105	19.75
225	3899	4408	4125	19.76
226	3919	4428	4145	19.77
227	3938	4448	4164	19.78
228	3958	4468	4184	19.79
229	3978	4488	4204	19.81
230	3997	4508	4224	19.82
231	4017	4528	4244	19.83
232	4037	4549	4263	19.84
233	4056	4569	4283	19.85
234	4076	4590	4303	19.87
235	4096	4611	4323	19.88
236	4115	4632	4343	19.89
237	4135	4652	4363	19.9
238	4155	4673	4383	19.92
239	4175	4693	4403	19.93
240	4195	4713	4422	19.94
241	4215	4734	4442	19.96
242	4234	4754	4462	19.97
243	4254	4774	4482	19.98
244	4274	4795	4502	19.99
245	4294	4815	4522	20.01
246	4314	4835	4542	20.02
247	4334	4856	4562	20.03
248	4354	4876	4582	20.05
249	4374	4896	4602	20.06
250	4394	4916	4622	20.07
251	4414	4937	4643	20.09
252	4434	4957	4663	20.1
253	4454	4978	4683	20.11
254	4474	4998	4703	20.13
255	4493	5018	4723	20.14
256	4513	5039	4743	20.15
257	4532	5059	4763	20.17
258	4552	5079	4783	20.18
259	4572	5100	4804	20.19
260	4593	5120	4824	20.21
261	4613	5140	4844	20.22
262	4633	5160	4864	20.24
263	4653	5181	4884	20.25
264	4673	5202	4905	20.26
265	4694	5222	4925	20.28
266	4714	5242	4945	20.29
267	4734	5262	4966	20.31
268	4755	5283	4986	20.32
269	4775	5303	5006	20.34
270	4796	5323	5027	20.35
271	4816	5343	5047	20.37
272	4836	5363	5067	20.38
273	4857	5383	5088	20.39
274	4877	5404	5108	20.41
275	4898	5424	5128	20.42
276	4919	5444	5149	20.44
277	4940	5464	5169	20.45
278	4961	5484	5190	20.47
279	4982	5505	5210	20.48
280	5002	5525	5231	20.5
281	5023	5545	5251	20.51
282	5044	5566	5272	20.53
283	5065	5586	5292	20.54
284	5086	5606	5313	20.56
285	5106	5627	5333	20.57
286	5127	5647	5354	20.59
287	5148	5667	5374	20.61
288	5168	5688	5395	20.62
289	5189	5708	5416	20.64
290	5210	5728	5436	20.65
291	5231	5749	5457	20.67
292	5251	5769	5478	20.68
293	5272	5790	5498	20.7
294	5293	5810	5519	20.72
295	5314	5830	5540	20.73
296	5335	5851	5560	20.75
297	5356	5871	5581	20.76
298	5377	5892	5602	20.78
299	5398	5912	5623	20.8
300	5419	5933	5644	20.81
301	5440	5953	5664	20.83
302	5461	5974	5685	20.84
303	5482	5995	5706	20.86
304	5503	6016	5727	20.88
305	5524	6037	5748	20.89
306	5545	6058	5769	20.91
307	5565	6078	5790	20.93
308	5586	6099	5811	20.94
309	5607	6120	5831	20.96
310	5628	6141	5852	20.98
311	5649	6162	5873	20.99
312	5670	6183	5894	21.01
313	5691	6204	5915	21.03
314	5713	6225	5936	21.04
315	5735	6245	5957	21.06
316	5756	6266	5979	21.08
317	5778	6286	6000	21.1
318	5799	6307	6021	21.11
319	5821	6328	6042	21.13
320	5842	6349	6063	21.15
321	5863	6369	6084	21.17
322	5885	6390	6105	21.18
323	5906	6411	6126	21.2
324	5928	6432	6148	21.22
325	5949	6453	6169	21.24
326	5971	6474	6190	21.25
327	5992	6494	6211	21.27
328	6014	6514	6233	21.29
329	6036	6535	6254	21.31
330	6057	6555	6275	21.32
331	6079	6576	6297	21.34
332	6100	6596	6318	21.36
333	6122	6617	6339	21.38
334	6144	6637	6361	21.4
335	6166	6657	6382	21.42
336	6188	6678	6403	21.43
337	6210	6699	6425	21.45
338	6232	6720	6446	21.47
339	6254	6741	6468	21.49
340	6276	6762	6489	21.51
341	6298	6783	6511	21.53
342	6319	6804	6532	21.54
343	6341	6825	6554	21.56
344	6363	6845	6575	21.58
345	6385	6866	6597	21.6
346	6407	6887	6619	21.62
347	6429	6907	6640	21.64
348	6451	6928	6662	21.66
349	6473	6948	6684	21.68
350	6495	6969	6705	21.7
351	6517	6990	6727	21.72
352	6539	7010	6749	21.73
353	6562	7031	6770	21.75
354	6584	7052	6792	21.77
355	6607	7072	6814	21.79
356	6630	7093	6836	21.81
357	6652	7113	6857	21.83
358	6675	7134	6879	21.85
359	6697	7155	6901	21.87
360	6720	7175	6923	21.89
361	6742	7196	6945	21.91
362	6764	7217	6967	21.93
363	6787	7238	6989	21.95
364	6809	7260	7011	21.97
365	6832	7281	7033	21.99
366	6854	7302	7055	22.01
367	6877	7323	7077	22.03
368	6900	7345	7099	22.05
369	6922	7366	7121	22.07
370	6945	7387	7143	22.09
371	6968	7409	7165	22.11
372	6991	7430	7187	22.13
373	7013	7451	7209	22.15
374	7036	7472	7231	22.17
375	7059	7492	7254	22.19
376	7082	7513	7276	22.21
377	7105	7534	7298	22.23
378	7128	7554	7320	22.26
379	7151	7575	7342	22.28
380	7174	7596	7365	22.3
381	7197	7617	7387	22.32
382	7221	7638	7409	22.34
383	7244	7660	7432	22.36
384	7268	7681	7454	22.38
385	7292	7702	7476	22.4
386	7315	7724	7499	22.42
387	7338	7745	7521	22.44
388	7362	7767	7544	22.47
389	7385	7788	7566	22.49
390	7408	7808	7589	22.51
391	7432	7828	7611	22.53
392	7455	7849	7634	22.55
393	7479	7870	7656	22.57
394	7503	7892	7679	22.6
395	7526	7913	7701	22.62
396	7550	7934	7724	22.64
397	7573	7956	7747	22.66
398	7597	7977	7769	22.68
399	7620	7998	7792	22.7
400	7644	8020	7815	22.73
401	7667	8041	7837	22.75
402	7691	8062	7860	22.77
403	7715	8084	7883	22.79
404	7739	8105	7906	22.82
405	7762	8126	7929	22.84
406	7786	8147	7951	22.86
407	7810	8169	7974	22.88
408	7834	8190	7997	22.91
409	7858	8212	8020	22.93
410	7882	8233	8043	22.95
411	7906	8255	8066	22.97
412	7930	8276	8089	23
413	7954	8298	8112	23.02
414	7979	8319	8135	23.04
415	8003	8340	8158	23.06
416	8027	8361	8181	23.09
417	8051	8382	8204	23.11
418	8076	8403	8227	23.13
419	8100	8424	8250	23.16
420	8125	8445	8273	23.18
421	8149	8466	8297	23.2
422	8174	8487	8320	23.23
423	8198	8508	8343	23.25
424	8223	8530	8366	23.27
425	8247	8551	8390	23.3
426	8272	8573	8413	23.32
427	8297	8596	8436	23.34
428	8322	8617	8460	23.37
429	8346	8639	8483	23.39
430	8371	8660	8506	23.42
431	8396	8682	8530	23.44
432	8421	8705	8553	23.46
433	8446	8726	8577	23.49
434	8471	8747	8600	23.51
435	8495	8768	8624	23.53
436	8520	8789	8647	23.56
437	8545	8812	8671	23.58
438	8570	8834	8694	23.61
439	8595	8855	8718	23.63
440	8620	8877	8742	23.66
441	8645	8899	8765	23.68
442	8670	8921	8789	23.71
443	8695	8944	8813	23.73
444	8720	8966	8836	23.75
445	8746	8989	8860	23.78
446	8771	9011	8884	23.8
447	8797	9033	8908	23.83
448	8822	9055	8931	23.85
449	8847	9077	8955	23.88
450	8873	9100	8979	23.9
451	8899	9123	9003	23.93
452	8924	9146	9027	23.95
453	8950	9168	9051	23.98
454	8975	9191	9075	24
455	9001	9213	9099	24.03
456	9027	9235	9123	24.05
457	9052	9258	9147	24.08
458	9078	9281	9171	24.1
459	9103	9304	9195	24.13
460	9129	9327	9219	24.16
461	9155	9349	9244	24.18
462	9181	9372	9268	24.21
463	9207	9395	9292	24.23
464	9233	9419	9316	24.26
465	9258	9442	9340	24.28
466	9285	9465	9365	24.31
467	9311	9487	9389	24.34
468	9337	9509	9413	24.36
469	9362	9532	9438	24.39
470	9388	9554	9462	24.41
471	9413	9578	9487	24.44
472	9440	9601	9511	24.47
473	9466	9624	9535	24.49
474	9491	9647	9560	24.52
475	9517	9671	9584	24.55
476	9542	9694	9609	24.58
477	9568	9716	9634	24.61
478	9593	9740	9658	24.64
479	9618	9764	9683	24.67
480	9643	9788	9707	24.71
481	9667	9812	9732	24.74
482	9692	9836	9757	24.78
483	9715	9860	9782	24.82
484	9740	9884	9807	24.86
485	9765	9909	9831	24.91
486	9788	9932	9856	24.95
487	9812	9957	9881	24.99
488	9838	9981	9906	25.04
489	9861	10006	9931	25.09
490	9884	10031	9956	25.14
491	9908	10056	9982	25.19
492	9930	10081	10007	25.24
493	9953	10105	10032	25.29
494	9976	10130	10057	25.35
495	9999	10154	10083	25.41
496	10023	10179	10108	25.46
497	10047	10203	10133	25.52
498	10069	10228	10159	25.59
499	10093	10252	10185	25.65
500	10115	10277	10210	25.71
501	10138	10303	10236	25.78
502	10162	10328	10262	25.84
503	10186	10353	10288	25.91
504	10210	10378	10313	25.98
505	10233	10404	10339	26.05
506	10257	10430	10366	26.13
507	10282	10455	10392	26.2
508	10305	10481	10418	26.27
509	10329	10508	10444	26.35
510	10354	10533	10470	26.43
511	10379	10560	10497	26.51
512	10404	10586	10523	26.59
513	10429	10612	10550	26.67
514	10454	10640	10577	26.76
515	10478	10667	10603	26.84
516	10504	10693	10630	26.93
517	10530	10721	10657	27.02
518	10556	10749	10684	27.11
519	10582	10776	10711	27.2
520	10608	10803	10739	27.29
521	10634	10830	10766	27.39
522	10659	10858	10793	27.48
523	10686	10885	10821	27.58
524	10713	10914	10848	27.68
525	10740	10942	10876	27.78
526	10767	10970	10904	27.88
527	10794	10998	10932	27.98
528	10822	11025	10960	28.09
529	10849	11054	10988	28.19
530	10877	11082	11016	28.3
531	10905	11111	11044	28.41
532	10934	11140	11073	28.52
533	10962	11169	11101	28.63
534	10991	11198	11130	28.74
535	11020	11227	11158	28.86
536	11049	11256	11187	28.98
537	11079	11287	11216	29.1
538	11108	11317	11245	29.22
539	11138	11348	11275	29.35
540	11168	11380	11304	29.49
541	11198	11411	11333	29.62
542	11228	11443	11363	29.76
543	11258	11476	11393	29.91
544	11288	11507	11423	30.06
545	11320	11539	11453	30.21
546	11350	11570	11483	30.36
547	11382	11605	11513	30.52
548	11412	11637	11544	30.69
549	11443	11672	11575	30.85
550	11476	11704	11605	31.03
551	11507	11737	11636	31.21
552	11538	11771	11668	31.39
553	11571	11805	11699	31.59
554	11606	11841	11731	31.8
555	11639	11875	11762	32.01
556	11673	11910	11794	32.24
557	11706	11947	11827	32.47
558	11740	11981	11859	32.71
559	11774	12018	11892	32.96
560	11809	12053	11925	33.22
561	11845	12089	11958	33.49
562	11880	12124	11992	33.76
563	11916	12160	12025	34.05
564	11952	12196	12059	34.34
565	11988	12233	12094	34.65
566	12026	12270	12128	34.96
567	12063	12308	12163	35.28
568	12099	12346	12199	35.61
569	12136	12384	12234	35.95
570	12175	12422	12270	36.29
571	12213	12461	12306	36.65
572	12252	12499	12343	37.01
573	12292	12538	12380	37.39
574	12329	12577	12417	37.77
575	12370	12617	12455	38.16
576	12410	12658	12493	38.56
577	12448	12701	12532	38.97
578	12487	12745	12571	39.39
579	12526	12787	12610	39.81
580	12565	12830	12650	40.25
581	12601	12873	12690	40.69
582	12637	12917	12731	41.14
583	12673	12962	12772	41.61
584	12709	13007	12814	42.06
585	12747	13050	12856	42.5
586	12785	13093	12898	42.9
587	12819	13142	12941	43.28
588	12856	13188	12985	43.63
589	12895	13238	13028	43.95
590	12933	13283	13072	44.24
591	12969	13334	13116	44.5
592	13007	13382	13161	44.74
593	13042	13430	13206	44.95
594	13078	13477	13251	45.13
595	13115	13525	13296	45.28
596	13152	13576	13341	45.4
597	13189	13625	13386	45.5
598	13226	13680	13432	45.57
599	13264	13726	13477	45.61
600	13301	13777	13523	45.62
601	13339	13829	13569	45.6
602	13376	13876	13614	45.56
603	13414	13932	13660	45.48
604	13452	13988	13705	45.38
605	13490	14040	13751	45.25
606	13528	14085	13796	45.1
607	13566	14136	13841	44.92
608	13604	14189	13886	44.74
609	13642	14229	13931	44.57
610	13678	14284	13975	44.4
611	13716	14336	14020	44.25
612	13754	14375	14064	44.1
613	13792	14423	14108	43.95
614	13830	14473	14152	43.82
615	13867	14518	14196	43.69
616	13907	14565	14239	43.57
617	13945	14616	14283	43.46
618	13984	14661	14327	43.35
619	14022	14713	14370	43.25
620	14060	14759	14413	43.16
621	14098	14809	14456	43.07
622	14135	14858	14499	42.99
623	14171	14907	14542	42.92
624	14208	14952	14585	42.86
625	14244	15002	14628	42.8
626	14280	15055	14671	42.75
627	14316	15108	14714	42.71
628	14352	15158	14756	42.68
629	14390	15210	14799	42.65
630	14426	15259	14842	42.63
631	14461	15308	14884	42.61
632	14496	15360	14927	42.61
633	14532	15409	14970	NA
