depth	min95%	max95%	best	accrate
21	-290	358	150	14.19
22	-272	370	164	14.22
23	-253	383	178	14.25
24	-235	395	193	14.28
25	-216	406	207	14.31
26	-197	419	221	14.34
27	-177	431	236	14.37
28	-157	443	250	14.4
29	-137	456	264	14.43
30	-117	470	279	14.46
31	-97	483	293	14.49
32	-77	497	308	14.51
33	-57	511	322	14.54
34	-38	524	337	14.57
35	-20	537	351	14.6
36	-1	551	366	14.63
37	17	564	381	14.66
38	36	577	395	14.69
39	54	591	410	14.72
40	71	604	425	14.75
41	89	618	439	14.78
42	106	632	454	14.81
43	124	646	469	14.84
44	141	659	484	14.87
45	159	673	499	14.9
46	176	687	514	14.93
47	194	701	528	14.96
48	212	715	543	14.99
49	229	729	558	15.02
50	247	745	573	15.04
51	266	759	588	15.07
52	284	775	604	15.1
53	302	791	619	15.13
54	318	807	634	15.16
55	335	822	649	15.19
56	353	837	664	15.22
57	372	851	679	15.25
58	391	866	695	15.28
59	410	881	710	15.31
60	429	895	725	15.34
61	448	910	741	15.37
62	466	925	756	15.4
63	483	939	771	15.43
64	501	954	787	15.46
65	519	969	802	15.49
66	537	984	818	15.52
67	555	999	833	15.54
68	573	1013	849	15.57
69	591	1028	864	15.6
70	610	1043	880	15.63
71	629	1058	896	15.66
72	648	1073	911	15.69
73	668	1088	927	15.72
74	687	1103	943	15.75
75	706	1118	958	15.78
76	725	1133	974	15.81
77	744	1149	990	15.84
78	763	1164	1006	15.87
79	781	1179	1022	15.9
80	799	1196	1038	15.93
81	818	1211	1053	15.96
82	836	1226	1069	15.98
83	854	1241	1085	16.01
84	872	1257	1101	16.04
85	892	1273	1117	16.07
86	911	1290	1134	16.1
87	930	1307	1150	16.13
88	949	1323	1166	16.16
89	969	1340	1182	16.19
90	988	1356	1198	16.22
91	1009	1373	1214	16.25
92	1029	1389	1231	16.28
93	1048	1406	1247	16.31
94	1067	1423	1263	16.34
95	1085	1439	1280	16.37
96	1104	1455	1296	16.4
97	1123	1470	1312	16.42
98	1143	1486	1329	16.45
99	1162	1501	1345	16.48
100	1180	1517	1362	16.51
101	1198	1533	1378	16.54
102	1217	1548	1395	16.57
103	1235	1564	1411	16.6
104	1252	1580	1428	16.63
105	1269	1597	1445	16.66
106	1286	1613	1461	16.69
107	1304	1630	1478	16.72
108	1321	1647	1495	16.75
109	1340	1664	1511	16.78
110	1361	1682	1528	16.81
111	1378	1699	1545	16.84
112	1396	1715	1562	16.86
113	1414	1732	1579	16.89
114	1431	1749	1596	16.92
115	1449	1766	1612	16.95
116	1469	1783	1629	16.98
117	1490	1800	1646	17.01
118	1509	1817	1663	17.04
119	1526	1835	1680	17.07
120	1544	1852	1697	17.1
121	1562	1869	1715	17.13
122	1580	1886	1732	17.16
123	1598	1903	1749	17.19
124	1617	1920	1766	17.22
125	1636	1937	1783	17.24
126	1654	1954	1801	17.27
127	1672	1971	1818	17.3
128	1691	1989	1835	17.33
129	1709	2007	1852	17.36
130	1729	2025	1870	17.39
131	1748	2042	1887	17.42
132	1766	2060	1905	17.45
133	1784	2077	1922	17.48
134	1802	2095	1940	17.51
135	1821	2112	1957	17.54
136	1840	2130	1975	17.57
137	1858	2147	1992	17.6
138	1875	2165	2010	17.63
139	1893	2183	2027	17.65
140	1913	2200	2045	17.68
141	1931	2219	2063	17.71
142	1949	2237	2080	17.74
143	1967	2256	2098	17.77
144	1984	2273	2116	17.8
145	2001	2290	2134	17.83
146	2019	2309	2152	17.86
147	2036	2328	2169	17.89
148	2054	2347	2187	17.92
149	2073	2365	2205	17.95
150	2092	2384	2223	17.98
151	2112	2402	2241	18
152	2132	2420	2259	18.03
153	2152	2438	2277	18.06
154	2171	2457	2295	18.09
155	2189	2475	2313	18.12
156	2209	2492	2331	18.15
157	2227	2510	2350	18.18
158	2247	2528	2368	18.21
159	2265	2546	2386	18.24
160	2284	2564	2404	18.27
161	2303	2582	2423	18.3
162	2322	2600	2441	18.33
163	2340	2618	2459	18.36
164	2359	2636	2477	18.38
165	2378	2654	2496	18.41
166	2397	2672	2514	18.44
167	2416	2690	2533	18.47
168	2434	2708	2551	18.5
169	2453	2726	2570	18.53
170	2472	2745	2588	18.56
171	2491	2764	2607	18.59
172	2510	2782	2625	18.62
173	2528	2801	2644	18.65
174	2547	2819	2663	18.68
175	2565	2838	2681	18.71
176	2584	2857	2700	18.73
177	2603	2875	2719	18.76
178	2622	2894	2738	18.79
179	2641	2913	2756	18.82
180	2660	2932	2775	18.85
181	2679	2950	2794	18.88
182	2698	2969	2813	18.91
183	2716	2987	2832	18.94
184	2735	3005	2851	18.97
185	2754	3023	2870	19
186	2773	3041	2889	19.03
187	2792	3060	2908	19.05
188	2811	3078	2927	19.08
189	2831	3096	2946	19.11
190	2849	3114	2965	19.14
191	2868	3133	2984	19.17
192	2888	3152	3003	19.2
193	2907	3171	3022	19.23
194	2927	3190	3042	19.26
195	2946	3209	3061	19.29
196	2966	3228	3080	19.32
197	2985	3248	3100	19.35
198	3005	3267	3119	19.37
199	3024	3287	3138	19.4
200	3044	3306	3158	19.43
201	3063	3326	3177	19.46
202	3083	3345	3197	19.49
203	3103	3365	3216	19.52
204	3122	3384	3236	19.55
205	3141	3404	3255	19.58
206	3161	3423	3275	19.61
207	3180	3443	3294	19.64
208	3200	3462	3314	19.67
209	3219	3482	3334	19.69
210	3239	3502	3353	19.72
211	3258	3521	3373	19.75
212	3278	3541	3393	19.78
213	3298	3561	3413	19.81
214	3318	3580	3432	19.84
215	3339	3600	3452	19.87
216	3359	3619	3472	19.9
217	3380	3638	3492	19.93
218	3400	3657	3512	19.96
219	3420	3677	3532	19.99
220	3441	3696	3552	20.01
221	3461	3715	3572	20.04
222	3481	3735	3592	20.07
223	3501	3754	3612	20.1
224	3522	3774	3632	20.13
225	3542	3794	3652	20.16
226	3562	3814	3672	20.19
227	3583	3834	3693	20.22
228	3603	3853	3713	20.25
229	3624	3873	3733	20.28
230	3643	3893	3753	20.3
231	3663	3912	3774	20.33
232	3684	3932	3794	20.36
233	3705	3952	3814	20.39
234	3726	3971	3835	20.42
235	3746	3991	3855	20.45
236	3767	4011	3876	20.48
237	3787	4031	3896	20.51
238	3808	4050	3917	20.54
239	3829	4070	3937	20.57
240	3850	4090	3958	20.59
241	3870	4110	3978	20.62
242	3891	4131	3999	20.65
243	3911	4151	4020	20.68
244	3932	4171	4040	20.71
245	3953	4191	4061	20.74
246	3973	4212	4082	20.77
247	3994	4231	4102	20.8
248	4015	4251	4123	20.83
249	4035	4272	4144	20.86
250	4056	4292	4165	20.88
251	4077	4313	4186	20.91
252	4098	4334	4207	20.94
253	4120	4354	4228	20.97
254	4141	4375	4249	21
255	4162	4396	4270	21.03
256	4183	4416	4291	21.06
257	4204	4437	4312	21.09
258	4225	4457	4333	21.12
259	4247	4478	4354	21.15
260	4268	4499	4375	21.17
261	4289	4519	4396	21.2
262	4310	4539	4417	21.23
263	4331	4561	4439	21.26
264	4353	4581	4460	21.29
265	4374	4601	4481	21.32
266	4396	4622	4503	21.35
267	4417	4643	4524	21.38
268	4439	4664	4545	21.41
269	4461	4685	4567	21.44
270	4483	4706	4588	21.46
271	4505	4727	4610	21.49
272	4526	4748	4631	21.52
273	4547	4769	4653	21.55
274	4569	4790	4674	21.58
275	4591	4811	4696	21.61
276	4613	4833	4717	21.64
277	4634	4854	4739	21.67
278	4656	4875	4761	21.7
279	4678	4896	4782	21.72
280	4699	4917	4804	21.75
281	4721	4938	4826	21.78
282	4744	4959	4848	21.81
283	4766	4980	4869	21.84
284	4788	5002	4891	21.87
285	4810	5024	4913	21.9
286	4833	5045	4935	21.93
287	4855	5067	4957	21.96
288	4876	5089	4979	21.98
289	4899	5111	5001	22.01
290	4921	5134	5023	22.04
291	4943	5156	5045	22.07
292	4965	5177	5067	22.1
293	4987	5199	5089	22.13
294	5009	5220	5111	22.16
295	5031	5242	5133	22.19
296	5053	5264	5156	22.22
297	5076	5286	5178	22.24
298	5098	5308	5200	22.27
299	5121	5329	5222	22.3
300	5143	5351	5245	22.33
301	5166	5373	5267	22.36
302	5188	5394	5289	22.39
303	5210	5416	5312	22.42
304	5232	5438	5334	22.45
305	5255	5460	5357	22.48
306	5277	5483	5379	22.5
307	5300	5504	5402	22.53
308	5322	5525	5424	22.56
309	5345	5547	5447	22.59
310	5368	5570	5469	22.62
311	5391	5591	5492	22.65
312	5414	5613	5514	22.68
313	5436	5636	5537	22.71
314	5459	5658	5560	22.74
315	5482	5680	5583	22.76
316	5505	5702	5605	22.79
317	5528	5724	5628	22.82
318	5551	5746	5651	22.85
319	5574	5768	5674	22.88
320	5597	5790	5697	22.91
321	5620	5813	5720	22.94
322	5644	5835	5743	22.97
323	5667	5857	5766	22.99
324	5690	5880	5789	23.02
325	5714	5903	5812	23.05
326	5737	5926	5835	23.08
327	5760	5949	5858	23.11
328	5783	5972	5881	23.14
329	5807	5995	5904	23.17
330	5830	6017	5927	23.2
331	5854	6039	5950	23.23
332	5877	6062	5974	23.25
333	5901	6085	5997	23.28
334	5924	6109	6020	23.31
335	5947	6133	6043	23.34
336	5971	6156	6067	23.37
337	5994	6179	6090	23.4
338	6018	6203	6113	23.43
339	6041	6226	6137	23.46
340	6065	6249	6160	23.48
341	6089	6272	6184	23.51
342	6112	6296	6207	23.54
343	6136	6320	6231	23.57
344	6159	6344	6254	23.6
345	6183	6367	6278	23.63
346	6207	6390	6302	23.66
347	6231	6414	6325	23.69
348	6255	6438	6349	23.71
349	6279	6461	6373	23.74
350	6303	6484	6396	23.77
351	6328	6507	6420	23.8
352	6352	6531	6444	23.83
353	6376	6554	6468	23.86
354	6399	6578	6492	23.89
355	6424	6602	6516	23.92
356	6447	6625	6540	23.94
357	6471	6649	6564	23.97
358	6495	6673	6587	24
359	6519	6698	6611	24.03
360	6544	6723	6636	24.06
361	6568	6747	6660	24.09
362	6593	6771	6684	24.12
363	6617	6794	6708	24.15
364	6641	6819	6732	24.17
365	6666	6843	6756	24.2
366	6690	6868	6780	24.23
367	6715	6893	6805	24.26
368	6739	6918	6829	24.29
369	6763	6943	6853	24.32
370	6787	6968	6877	24.35
371	6811	6993	6902	24.38
372	6835	7018	6926	24.4
373	6859	7042	6951	24.43
374	6884	7067	6975	24.46
375	6908	7092	6999	24.49
376	6932	7117	7024	24.52
377	6957	7142	7048	24.55
378	6982	7167	7073	24.58
379	7006	7193	7098	24.61
380	7031	7218	7122	24.63
381	7056	7242	7147	24.66
382	7080	7267	7171	24.69
383	7105	7292	7196	24.72
384	7130	7317	7221	24.75
385	7155	7342	7246	24.78
386	7179	7366	7270	24.81
387	7203	7391	7295	24.83
388	7227	7416	7320	24.86
389	7252	7441	7345	24.89
390	7277	7467	7370	24.92
391	7302	7492	7395	24.95
392	7327	7517	7420	24.98
393	7352	7542	7445	25.01
394	7378	7568	7470	25.04
395	7403	7593	7495	25.06
396	7428	7618	7520	25.09
397	7453	7644	7545	25.12
398	7478	7669	7570	25.15
399	7503	7694	7595	25.18
400	7529	7719	7620	25.21
401	7554	7744	7645	25.24
402	7579	7770	7671	25.26
403	7605	7796	7696	25.29
404	7630	7822	7721	25.32
405	7655	7847	7747	25.35
406	7681	7873	7772	25.38
407	7706	7898	7797	25.41
408	7732	7924	7823	25.44
409	7757	7949	7848	25.47
410	7783	7975	7874	25.49
411	7809	8001	7899	25.52
412	7834	8026	7925	25.55
413	7860	8052	7950	25.58
414	7886	8078	7976	25.61
415	7912	8103	8001	25.64
416	7937	8130	8027	25.67
417	7963	8156	8053	25.69
418	7989	8182	8078	25.72
419	8015	8209	8104	25.75
420	8041	8235	8130	25.78
421	8067	8261	8156	25.81
422	8094	8287	8181	25.84
423	8120	8313	8207	25.87
424	8146	8339	8233	25.89
425	8172	8364	8259	25.92
426	8198	8390	8285	25.95
427	8224	8416	8311	25.98
428	8251	8442	8337	26.01
429	8277	8469	8363	26.04
430	8304	8495	8389	26.07
431	8330	8520	8415	26.09
432	8357	8546	8441	26.12
433	8383	8571	8467	26.15
434	8410	8597	8493	26.18
435	8436	8623	8520	26.21
436	8462	8648	8546	26.24
437	8489	8674	8572	26.27
438	8515	8700	8598	26.29
439	8542	8726	8625	26.32
440	8568	8752	8651	26.35
441	8595	8778	8677	26.38
442	8622	8804	8704	26.41
443	8649	8830	8730	26.44
444	8676	8856	8756	26.47
445	8702	8882	8783	26.49
446	8729	8907	8809	26.52
447	8756	8934	8836	26.55
448	8782	8960	8863	26.58
449	8809	8986	8889	26.61
450	8836	9012	8916	26.64
451	8863	9038	8942	26.67
452	8889	9064	8969	26.69
453	8916	9091	8996	26.72
454	8943	9117	9022	26.75
455	8969	9143	9049	26.78
456	8996	9169	9076	26.81
457	9023	9196	9103	26.84
458	9050	9222	9130	26.87
459	9077	9249	9156	26.89
460	9104	9276	9183	26.92
461	9131	9302	9210	26.95
462	9159	9329	9237	26.98
463	9186	9356	9264	27.01
464	9213	9383	9291	27.04
465	9240	9410	9318	27.07
466	9267	9438	9345	27.09
467	9295	9464	9372	27.12
468	9322	9491	9400	27.15
469	9350	9517	9427	27.18
470	9377	9543	9454	27.21
471	9405	9570	9481	27.24
472	9432	9597	9508	27.26
473	9459	9625	9536	27.29
474	9487	9652	9563	27.32
475	9514	9679	9590	27.35
476	9541	9707	9618	27.38
477	9569	9733	9645	27.41
478	9597	9760	9672	27.44
479	9624	9787	9700	27.46
480	9652	9814	9727	27.49
481	9679	9841	9755	27.52
482	9707	9868	9782	27.55
483	9735	9896	9810	27.58
484	9763	9924	9837	27.61
485	9791	9951	9865	27.63
486	9819	9978	9893	27.66
487	9848	10006	9920	27.69
488	9877	10033	9948	27.72
489	9905	10060	9976	27.75
490	9933	10088	10003	27.78
491	9961	10115	10031	27.81
492	9989	10142	10059	27.83
493	10017	10170	10087	27.86
494	10045	10197	10115	27.89
495	10074	10225	10143	27.92
496	10102	10252	10171	27.95
497	10131	10280	10198	27.98
498	10159	10307	10226	28
499	10188	10335	10254	28.03
500	10216	10362	10283	28.06
501	10244	10390	10311	28.09
502	10273	10417	10339	28.12
503	10301	10445	10367	28.15
504	10330	10473	10395	28.18
505	10358	10500	10423	28.2
506	10387	10528	10451	28.23
507	10416	10556	10480	28.26
508	10445	10584	10508	28.29
509	10474	10613	10536	28.32
510	10502	10641	10564	28.35
511	10531	10668	10593	28.37
512	10560	10697	10621	28.4
513	10589	10725	10650	28.43
514	10619	10754	10678	28.46
515	10647	10782	10706	28.49
516	10675	10810	10735	28.52
517	10704	10837	10763	28.54
518	10733	10865	10792	28.57
519	10762	10893	10821	28.6
520	10792	10922	10849	28.63
521	10821	10950	10878	28.66
522	10851	10978	10906	28.69
523	10880	11007	10935	28.72
524	10909	11036	10964	28.74
525	10938	11065	10993	28.77
526	10967	11094	11021	28.8
527	10996	11122	11050	28.83
528	11025	11150	11079	28.86
529	11054	11179	11108	28.89
530	11082	11209	11137	28.91
531	11112	11237	11166	28.94
532	11141	11267	11195	28.97
533	11169	11298	11224	29
534	11197	11326	11253	29.03
535	11226	11356	11282	29.06
536	11256	11385	11311	29.08
537	11285	11415	11340	29.11
538	11314	11444	11369	29.14
539	11343	11474	11398	29.17
540	11372	11504	11427	29.2
541	11400	11533	11456	29.23
542	11428	11563	11486	29.25
543	11458	11594	11515	29.28
544	11486	11624	11544	29.31
545	11514	11655	11573	29.34
546	11543	11685	11603	29.37
547	11571	11715	11632	29.4
548	11599	11744	11662	29.42
549	11628	11774	11691	29.45
550	11655	11804	11720	29.48
551	11683	11834	11750	29.51
552	11711	11863	11779	29.54
553	11740	11895	11809	29.57
554	11769	11926	11838	29.59
555	11800	11958	11868	29.62
556	11828	11989	11898	29.65
557	11855	12019	11927	29.68
558	11882	12051	11957	29.71
559	11911	12083	11987	29.74
560	11939	12114	12016	29.76
561	11967	12145	12046	29.79
562	11995	12176	12076	29.82
563	12023	12208	12106	29.85
564	12052	12240	12136	29.88
565	12077	12271	12166	29.91
566	12105	12301	12195	29.93
567	12134	12330	12225	29.96
568	12163	12361	12255	29.99
569	12192	12393	12285	30.02
570	12220	12425	12315	30.05
571	12247	12457	12345	30.07
572	12275	12489	12375	30.1
573	12301	12521	12406	30.13
574	12329	12553	12436	30.16
575	12357	12585	12466	30.19
576	12384	12617	12496	30.22
577	12411	12649	12526	30.24
578	12439	12682	12557	30.27
579	12467	12714	12587	30.3
580	12496	12746	12617	30.33
581	12525	12777	12647	30.36
582	12553	12809	12678	30.39
583	12582	12841	12708	30.41
584	12611	12874	12739	30.44
585	12639	12906	12769	30.47
586	12667	12939	12800	30.5
587	12696	12971	12830	30.53
588	12724	13003	12861	30.56
589	12752	13034	12891	30.58
590	12780	13066	12922	30.61
591	12808	13098	12952	30.64
592	12836	13131	12983	30.67
593	12864	13165	13014	30.7
594	12892	13198	13044	30.72
595	12920	13230	13075	30.75
596	12948	13262	13106	30.78
597	12977	13295	13137	30.81
598	13004	13328	13167	30.84
599	13032	13361	13198	30.87
600	13061	13395	13229	30.89
601	13089	13428	13260	30.92
602	13117	13463	13291	30.95
603	13144	13497	13322	30.98
604	13172	13530	13353	31.01
605	13200	13563	13384	31.04
606	13228	13596	13415	31.06
607	13256	13630	13446	31.09
608	13285	13663	13477	31.12
609	13313	13696	13508	31.15
610	13341	13730	13539	31.18
611	13369	13763	13570	31.2
612	13397	13797	13602	31.23
613	13425	13830	13633	31.26
614	13452	13864	13664	31.29
615	13480	13898	13695	31.32
616	13507	13931	13727	31.35
617	13535	13965	13758	31.37
618	13562	14000	13789	31.4
619	13589	14033	13821	31.43
620	13616	14067	13852	31.46
621	13643	14102	13884	31.49
622	13670	14136	13915	31.51
623	13697	14170	13947	31.54
624	13724	14204	13978	31.57
625	13751	14238	14010	31.6
626	13779	14272	14041	31.63
627	13808	14307	14073	31.66
628	13836	14343	14105	31.68
629	13864	14378	14136	31.71
630	13892	14414	14168	31.74
631	13920	14448	14200	31.77
632	13947	14482	14232	31.8
633	13975	14516	14263	NA
