depth	min95%	max95%	best	accrate
21	9	470	277	-22.21
22	-10	441	255	-21.42
23	-44	435	233	-20.63
24	-81	430	213	-19.84
25	-116	428	193	-19.06
26	-151	435	174	-18.29
27	-186	446	155	-17.52
28	-233	458	138	-16.76
29	-278	474	121	-16
30	-311	486	105	-15.25
31	-343	502	90	-14.5
32	-377	527	75	-13.77
33	-412	544	62	-13.03
34	-450	557	49	-12.3
35	-487	573	36	-11.58
36	-526	591	25	-10.87
37	-563	614	14	-10.15
38	-592	637	4	-9.45
39	-622	656	-6	-8.75
40	-652	674	-14	-8.06
41	-685	693	-23	-7.37
42	-720	711	-30	-6.69
43	-746	733	-37	-6.01
44	-771	748	-43	-5.34
45	-795	769	-48	-4.68
46	-822	791	-53	-4.02
47	-845	812	-57	-3.36
48	-866	829	-60	-2.72
49	-885	844	-63	-2.07
50	-906	859	-65	-1.44
51	-924	876	-66	-0.81
52	-942	896	-67	-0.18
53	-958	916	-67	0.44
54	-973	935	-67	1.05
55	-986	953	-66	1.66
56	-999	968	-64	2.26
57	-1010	983	-62	2.85
58	-1020	998	-59	3.45
59	-1028	1013	-56	4.03
60	-1036	1028	-52	4.61
61	-1042	1043	-47	5.18
62	-1048	1058	-42	5.75
63	-1052	1072	-36	6.31
64	-1056	1087	-30	6.87
65	-1057	1103	-23	7.42
66	-1057	1121	-15	7.96
67	-1056	1140	-7	8.5
68	-1054	1159	1	9.03
69	-1051	1178	10	9.56
70	-1047	1196	20	10.08
71	-1041	1215	30	10.6
72	-1034	1233	40	11.11
73	-1026	1250	51	11.61
74	-1018	1268	63	12.11
75	-1008	1286	75	12.6
76	-997	1300	88	13.09
77	-984	1315	101	13.57
78	-971	1329	114	14.05
79	-957	1343	129	14.52
80	-941	1357	143	14.98
81	-923	1371	158	15.44
82	-904	1384	173	15.89
83	-885	1398	189	16.34
84	-864	1411	206	16.78
85	-843	1424	222	17.22
86	-821	1438	240	17.65
87	-799	1451	257	18.07
88	-776	1464	275	18.49
89	-752	1477	294	18.9
90	-728	1490	313	19.31
91	-702	1502	332	19.71
92	-676	1514	352	20.11
93	-648	1526	372	20.5
94	-620	1537	392	20.88
95	-591	1549	413	21.26
96	-562	1560	435	21.63
97	-531	1572	456	22
98	-500	1583	478	22.36
99	-468	1594	501	22.72
100	-435	1607	523	23.07
101	-402	1621	546	23.41
102	-368	1634	570	23.75
103	-333	1647	594	24.08
104	-298	1660	618	24.41
105	-261	1673	642	24.73
106	-225	1686	667	25.04
107	-187	1698	692	25.35
108	-149	1710	717	25.66
109	-110	1721	743	25.96
110	-71	1733	769	26.25
111	-31	1745	795	26.53
112	9	1757	822	26.82
113	50	1768	848	27.09
114	92	1780	875	27.36
115	134	1791	903	27.62
116	177	1802	930	27.88
117	220	1814	958	28.13
118	264	1826	986	28.38
119	308	1838	1015	28.62
120	353	1851	1043	28.86
121	398	1861	1072	29.09
122	443	1871	1101	29.31
123	489	1883	1131	29.53
124	536	1896	1160	29.74
125	583	1909	1190	29.95
126	630	1922	1220	30.15
127	677	1936	1250	30.34
128	724	1949	1280	30.53
129	771	1962	1311	30.71
130	820	1976	1342	30.89
131	870	1989	1373	31.06
132	920	2002	1404	31.23
133	970	2016	1435	31.39
134	1020	2029	1466	31.55
135	1070	2042	1498	31.7
136	1120	2056	1529	31.84
137	1171	2069	1561	31.98
138	1223	2083	1593	32.11
139	1274	2096	1625	32.23
140	1326	2106	1658	32.36
141	1377	2116	1690	32.47
142	1429	2129	1722	32.58
143	1479	2138	1755	32.68
144	1529	2153	1788	32.78
145	1581	2171	1820	32.87
146	1631	2187	1853	32.96
147	1679	2202	1886	33.04
148	1727	2216	1919	33.11
149	1776	2234	1952	33.18
150	1822	2252	1986	33.25
151	1869	2263	2019	33.3
152	1911	2279	2052	33.34
153	1951	2290	2086	33.36
154	1989	2306	2119	33.36
155	2027	2317	2152	33.33
156	2063	2338	2186	33.27
157	2095	2356	2219	33.19
158	2130	2388	2252	33.09
159	2161	2425	2285	32.96
160	2190	2461	2318	32.81
161	2219	2498	2351	32.63
162	2247	2533	2384	32.43
163	2273	2571	2416	32.21
164	2299	2611	2448	31.96
165	2321	2650	2480	31.69
166	2344	2692	2512	31.39
167	2366	2733	2543	31.08
168	2385	2773	2574	30.78
169	2404	2816	2605	30.47
170	2424	2857	2636	30.18
171	2445	2899	2666	29.88
172	2465	2938	2696	29.59
173	2487	2977	2725	29.3
174	2506	3015	2754	29.02
175	2525	3053	2784	28.73
176	2541	3091	2812	28.46
177	2562	3127	2841	28.18
178	2582	3163	2869	27.91
179	2600	3198	2897	27.64
180	2618	3233	2924	27.37
181	2639	3268	2952	27.11
182	2660	3303	2979	26.85
183	2681	3336	3006	26.6
184	2703	3369	3032	26.34
185	2724	3401	3059	26.09
186	2744	3431	3085	25.85
187	2765	3461	3111	25.61
188	2786	3491	3136	25.37
189	2806	3520	3162	25.13
190	2827	3546	3187	24.9
191	2848	3572	3212	24.67
192	2870	3598	3236	24.44
193	2892	3624	3261	24.22
194	2913	3650	3285	24
195	2936	3676	3309	23.78
196	2959	3702	3333	23.57
197	2982	3726	3356	23.36
198	3005	3750	3380	23.15
199	3030	3773	3403	22.95
200	3055	3797	3426	22.75
201	3079	3819	3449	22.55
202	3102	3840	3471	22.36
203	3126	3861	3493	22.17
204	3151	3881	3516	21.98
205	3175	3904	3538	21.8
206	3198	3926	3559	21.62
207	3220	3947	3581	21.44
208	3243	3965	3602	21.27
209	3265	3984	3624	21.1
210	3287	4002	3645	20.93
211	3311	4021	3666	20.77
212	3332	4042	3687	20.61
213	3356	4062	3707	20.45
214	3379	4081	3728	20.29
215	3402	4101	3748	20.14
216	3424	4120	3768	20
217	3447	4139	3788	19.85
218	3468	4157	3808	19.71
219	3490	4172	3828	19.57
220	3512	4189	3847	19.44
221	3533	4205	3867	19.31
222	3558	4218	3886	19.18
223	3579	4236	3905	19.05
224	3603	4250	3924	18.93
225	3625	4263	3943	18.81
226	3652	4279	3962	18.7
227	3677	4294	3981	18.59
228	3699	4308	3999	18.48
229	3721	4321	4018	18.38
230	3744	4337	4036	18.27
231	3764	4352	4054	18.18
232	3784	4368	4072	18.08
233	3804	4383	4091	17.99
234	3824	4398	4109	17.9
235	3847	4411	4126	17.81
236	3870	4424	4144	17.73
237	3892	4437	4162	17.65
238	3912	4449	4180	17.58
239	3932	4462	4197	17.51
240	3952	4474	4215	17.44
241	3972	4489	4232	17.37
242	3992	4500	4250	17.31
243	4014	4513	4267	17.25
244	4036	4526	4284	17.19
245	4053	4539	4301	17.14
246	4073	4552	4318	17.09
247	4096	4565	4336	17.05
248	4116	4578	4353	17
249	4137	4591	4370	16.96
250	4160	4603	4387	16.93
251	4179	4616	4403	16.9
252	4198	4628	4420	16.87
253	4218	4640	4437	16.84
254	4238	4652	4454	16.82
255	4257	4667	4471	16.8
256	4279	4681	4488	16.78
257	4298	4696	4504	16.77
258	4318	4709	4521	16.76
259	4336	4725	4538	16.75
260	4353	4739	4555	16.75
261	4373	4753	4571	16.75
262	4393	4768	4588	16.75
263	4410	4784	4605	16.76
264	4428	4800	4622	16.77
265	4446	4816	4638	16.78
266	4464	4832	4655	16.8
267	4481	4847	4672	16.82
268	4499	4863	4689	16.84
269	4517	4880	4706	16.86
270	4534	4897	4723	16.89
271	4552	4914	4739	16.92
272	4569	4931	4756	16.95
273	4587	4948	4773	16.99
274	4604	4967	4790	17.03
275	4621	4985	4807	17.07
276	4639	5004	4824	17.12
277	4657	5022	4842	17.17
278	4675	5039	4859	17.22
279	4693	5055	4876	17.28
280	4711	5072	4893	17.33
281	4728	5089	4911	17.39
282	4746	5106	4928	17.46
283	4764	5124	4945	17.52
284	4782	5142	4963	17.59
285	4800	5159	4981	17.67
286	4819	5176	4998	17.74
287	4838	5195	5016	17.82
288	4856	5213	5034	17.9
289	4875	5231	5052	17.99
290	4894	5248	5070	18.07
291	4912	5266	5088	18.16
292	4929	5285	5106	18.26
293	4947	5304	5124	18.35
294	4964	5323	5142	18.45
295	4983	5340	5161	18.55
296	5001	5359	5179	18.66
297	5022	5377	5198	18.77
298	5045	5395	5217	18.88
299	5063	5414	5236	18.99
300	5081	5433	5255	19.11
301	5101	5453	5274	19.23
302	5120	5472	5293	19.35
303	5139	5490	5312	19.48
304	5159	5510	5332	19.61
305	5180	5528	5352	19.74
306	5202	5549	5371	19.88
307	5223	5569	5391	20.01
308	5246	5589	5411	20.15
309	5265	5612	5431	20.3
310	5287	5632	5452	20.45
311	5310	5652	5472	20.6
312	5332	5672	5493	20.75
313	5355	5691	5513	20.9
314	5376	5712	5534	21.06
315	5399	5730	5555	21.22
316	5423	5751	5577	21.39
317	5447	5772	5598	21.56
318	5470	5793	5620	21.73
319	5493	5814	5641	21.9
320	5518	5835	5663	22.08
321	5540	5856	5685	22.26
322	5564	5877	5708	22.44
323	5589	5898	5730	22.63
324	5612	5920	5753	22.81
325	5635	5942	5775	23.01
326	5658	5963	5798	23.2
327	5682	5984	5822	23.4
328	5706	6006	5845	23.6
329	5730	6028	5869	23.8
330	5754	6050	5892	24.01
331	5779	6074	5916	24.22
332	5804	6096	5941	24.43
333	5830	6119	5965	24.64
334	5855	6143	5990	24.86
335	5881	6165	6015	25.08
336	5907	6189	6040	25.31
337	5933	6214	6065	25.52
338	5959	6240	6091	25.74
339	5986	6265	6116	25.94
340	6013	6290	6142	26.14
341	6040	6315	6168	26.34
342	6067	6342	6195	26.52
343	6094	6370	6221	26.7
344	6121	6398	6248	26.88
345	6149	6425	6275	27.05
346	6177	6453	6302	27.21
347	6204	6481	6329	27.37
348	6232	6508	6356	27.52
349	6261	6536	6384	27.67
350	6289	6562	6412	27.8
351	6316	6589	6439	27.94
352	6343	6618	6467	28.06
353	6370	6644	6495	28.18
354	6399	6671	6524	28.3
355	6427	6700	6552	28.41
356	6456	6729	6580	28.51
357	6485	6756	6609	28.61
358	6515	6786	6637	28.7
359	6544	6815	6666	28.78
360	6571	6844	6695	28.86
361	6599	6872	6724	28.93
362	6628	6899	6753	28.99
363	6657	6929	6782	29.05
364	6689	6958	6811	29.11
365	6717	6984	6840	29.16
366	6745	7010	6869	29.2
367	6773	7039	6898	29.23
368	6803	7069	6927	29.26
369	6832	7095	6957	29.28
370	6861	7122	6986	29.3
371	6891	7151	7015	29.31
372	6921	7181	7045	29.32
373	6952	7210	7074	29.31
374	6981	7241	7103	29.31
375	7010	7270	7132	29.29
376	7038	7300	7162	29.27
377	7065	7330	7191	29.25
378	7095	7360	7220	29.22
379	7124	7391	7250	29.18
380	7153	7420	7279	29.13
381	7184	7450	7308	29.08
382	7211	7480	7337	29.03
383	7239	7510	7366	28.96
384	7269	7540	7395	28.9
385	7294	7570	7424	28.82
386	7322	7600	7453	28.74
387	7350	7629	7481	28.65
388	7378	7659	7510	28.56
389	7406	7692	7539	28.46
390	7433	7721	7567	28.36
391	7461	7749	7595	28.25
392	7491	7778	7624	28.13
393	7517	7808	7652	28
394	7544	7837	7680	27.87
395	7572	7865	7708	27.74
396	7599	7891	7735	27.6
397	7625	7919	7763	27.45
398	7651	7947	7790	27.3
399	7677	7976	7818	27.16
400	7703	8005	7845	27.02
401	7729	8032	7872	26.88
402	7757	8060	7899	26.74
403	7783	8087	7926	26.6
404	7810	8115	7952	26.46
405	7836	8142	7979	26.33
406	7863	8168	8005	26.19
407	7890	8194	8031	26.06
408	7915	8220	8057	25.93
409	7938	8247	8083	25.8
410	7961	8272	8109	25.67
411	7984	8298	8135	25.55
412	8009	8323	8160	25.42
413	8036	8349	8186	25.3
414	8060	8374	8211	25.18
415	8083	8399	8236	25.06
416	8106	8425	8261	24.94
417	8128	8450	8286	24.82
418	8152	8474	8311	24.71
419	8176	8502	8336	24.6
420	8201	8528	8360	24.49
421	8224	8551	8385	24.38
422	8247	8577	8409	24.27
423	8271	8604	8433	24.16
424	8294	8628	8457	24.05
425	8319	8654	8481	23.95
426	8343	8681	8505	23.85
427	8367	8704	8529	23.75
428	8392	8729	8553	23.65
429	8415	8753	8577	23.55
430	8437	8778	8600	23.45
431	8459	8804	8624	23.36
432	8482	8828	8647	23.27
433	8505	8852	8670	23.18
434	8531	8875	8693	23.09
435	8555	8899	8717	23
436	8578	8924	8740	22.91
437	8600	8949	8762	22.83
438	8623	8971	8785	22.74
439	8646	8994	8808	22.66
440	8669	9015	8831	22.58
441	8694	9036	8853	22.5
442	8716	9057	8876	22.43
443	8738	9082	8898	22.35
444	8761	9103	8921	22.28
445	8783	9125	8943	22.2
446	8806	9148	8965	22.13
447	8829	9170	8987	22.06
448	8852	9193	9009	22
449	8876	9214	9031	21.93
450	8898	9236	9053	21.87
451	8921	9256	9075	21.8
452	8945	9277	9097	21.74
453	8968	9299	9119	21.68
454	8992	9320	9140	21.62
455	9016	9339	9162	21.57
456	9040	9359	9183	21.51
457	9065	9379	9205	21.46
458	9091	9397	9226	21.41
459	9117	9415	9248	21.36
460	9143	9433	9269	21.31
461	9168	9452	9291	21.26
462	9193	9470	9312	21.21
463	9218	9486	9333	21.17
464	9244	9502	9354	21.13
465	9270	9521	9375	21.09
466	9295	9536	9396	21.05
467	9321	9552	9417	21.01
468	9349	9566	9438	20.97
469	9374	9582	9459	20.94
470	9398	9601	9480	20.91
471	9423	9620	9501	20.87
472	9447	9637	9522	20.84
473	9472	9655	9543	20.82
474	9495	9674	9564	20.79
475	9514	9690	9585	20.77
476	9531	9711	9605	20.77
477	9549	9734	9626	20.77
478	9563	9758	9647	20.78
479	9573	9781	9668	20.81
480	9583	9806	9688	20.84
481	9591	9831	9709	20.88
482	9600	9859	9730	20.94
483	9607	9887	9751	21
484	9613	9914	9772	21.07
485	9622	9942	9793	21.15
486	9631	9970	9814	21.25
487	9636	9996	9836	21.35
488	9644	10024	9857	21.46
489	9649	10053	9878	21.59
490	9653	10085	9900	21.72
491	9658	10115	9922	21.86
492	9666	10147	9944	22.02
493	9675	10179	9966	22.18
494	9685	10212	9988	22.35
495	9695	10245	10010	22.54
496	9703	10276	10033	22.73
497	9716	10309	10055	22.93
498	9728	10342	10078	23.14
499	9737	10373	10101	23.37
500	9747	10406	10125	23.6
501	9760	10439	10148	23.84
502	9774	10472	10172	24.1
503	9790	10504	10196	24.36
504	9807	10532	10221	24.63
505	9824	10560	10245	24.91
506	9844	10588	10270	25.21
507	9864	10616	10295	25.51
508	9884	10644	10321	25.82
509	9904	10675	10347	26.15
510	9926	10704	10373	26.48
511	9948	10733	10399	26.82
512	9970	10760	10426	27.17
513	9993	10786	10453	27.54
514	10017	10812	10481	27.91
515	10042	10839	10509	28.29
516	10069	10865	10537	28.69
517	10097	10891	10566	29.09
518	10127	10916	10595	29.5
519	10158	10939	10624	29.92
520	10199	10963	10654	30.36
521	10242	10986	10685	30.8
522	10280	11008	10716	31.25
523	10314	11030	10747	31.72
524	10362	11051	10779	32.19
525	10408	11071	10811	32.67
526	10451	11089	10843	33.16
527	10501	11105	10877	33.67
528	10551	11121	10910	34.18
529	10593	11138	10944	34.7
530	10638	11154	10979	35.23
531	10686	11167	11014	35.78
532	10733	11181	11050	36.33
533	10789	11195	11086	36.89
534	10845	11212	11123	37.47
535	10893	11235	11161	38.03
536	10942	11281	11199	38.52
537	10985	11342	11237	38.91
538	11031	11408	11276	39.2
539	11083	11486	11315	39.4
540	11135	11566	11355	39.5
541	11158	11647	11394	39.51
542	11185	11726	11434	39.42
543	11201	11805	11473	39.23
544	11208	11888	11513	38.95
545	11225	11965	11551	38.58
546	11235	12042	11590	38.1
547	11249	12113	11628	37.53
548	11262	12179	11666	36.87
549	11274	12248	11703	36.1
550	11288	12309	11739	35.27
551	11307	12366	11774	34.44
552	11328	12419	11808	33.66
553	11351	12467	11842	32.9
554	11377	12512	11875	32.18
555	11402	12553	11907	31.49
556	11428	12591	11939	30.84
557	11456	12625	11969	30.22
558	11486	12654	12000	29.63
559	11519	12681	12029	29.08
560	11553	12707	12058	28.56
561	11586	12728	12087	28.08
562	11621	12746	12115	27.63
563	11658	12759	12143	27.21
564	11696	12767	12170	26.83
565	11736	12773	12197	26.48
566	11778	12776	12223	26.17
567	11821	12781	12249	25.89
568	11866	12785	12275	25.65
569	11911	12787	12301	25.44
570	11959	12787	12326	25.26
571	12009	12786	12352	25.11
572	12061	12783	12377	25.01
573	12109	12779	12402	24.93
574	12156	12771	12427	24.89
575	12206	12765	12451	24.88
576	12259	12756	12476	24.91
577	12309	12750	12501	24.97
578	12357	12739	12526	25.06
579	12406	12727	12551	25.19
580	12451	12714	12577	25.36
581	12497	12708	12602	25.55
582	12538	12707	12627	25.78
583	12569	12713	12653	26.05
584	12592	12736	12679	26.35
585	12611	12780	12706	26.67
586	12620	12828	12732	27.02
587	12626	12878	12759	27.39
588	12622	12931	12787	27.79
589	12617	12986	12814	28.21
590	12610	13039	12843	28.66
591	12607	13094	12871	29.13
592	12605	13149	12900	29.63
593	12604	13205	12930	30.16
594	12603	13259	12960	30.71
595	12602	13315	12991	31.28
596	12604	13373	13022	31.88
597	12609	13425	13054	32.51
598	12613	13476	13087	33.16
599	12618	13530	13120	33.84
600	12627	13582	13154	34.54
601	12641	13635	13188	35.26
602	12657	13689	13223	36.02
603	12673	13741	13259	36.79
604	12689	13791	13296	37.6
605	12707	13842	13334	38.42
606	12728	13890	13372	39.28
607	12756	13937	13412	40.16
608	12787	13989	13452	41.06
609	12822	14039	13493	41.99
610	12860	14086	13535	42.94
611	12902	14133	13578	43.92
612	12947	14183	13622	44.93
613	12995	14232	13667	45.96
614	13044	14278	13712	47.02
615	13092	14323	13760	48.1
616	13141	14367	13808	49.2
617	13200	14413	13857	50.34
618	13258	14460	13907	51.49
619	13313	14506	13959	52.67
620	13374	14553	14011	53.88
621	13445	14601	14065	55.12
622	13521	14648	14120	56.37
623	13591	14694	14177	57.66
624	13655	14740	14234	58.97
625	13728	14790	14293	60.3
626	13803	14844	14354	61.66
627	13873	14901	14415	63.04
628	13951	14955	14478	64.45
629	14027	14998	14543	65.89
630	14081	15059	14609	67.35
631	14137	15134	14676	68.84
632	14200	15209	14745	70.35
633	14266	15297	14815	NA
