depth	min95%	max95%	best	accrate
21	3	453	264	6.8
22	11	459	270	13.61
23	26	471	284	13.61
24	42	484	298	13.61
25	57	496	311	13.61
26	72	509	325	13.61
27	88	521	338	13.61
28	103	534	352	13.61
29	118	546	366	13.61
30	133	558	379	13.61
31	148	570	393	13.61
32	163	583	406	13.61
33	179	596	420	13.61
34	195	607	434	13.61
35	210	620	447	13.61
36	225	633	461	13.61
37	240	646	474	13.61
38	256	659	488	13.61
39	271	672	502	13.61
40	286	685	515	13.61
41	301	697	529	13.61
42	316	710	543	13.61
43	332	722	556	13.61
44	347	735	570	13.61
45	362	747	583	13.61
46	378	760	597	13.61
47	393	773	611	13.61
48	407	785	624	13.61
49	422	798	638	13.61
50	437	813	651	13.61
51	451	826	665	13.61
52	467	840	679	13.61
53	482	853	692	13.61
54	497	866	706	13.61
55	512	879	719	13.61
56	527	891	733	13.61
57	542	903	747	13.61
58	557	916	760	13.61
59	572	929	774	13.61
60	587	943	787	13.61
61	602	956	801	13.61
62	618	969	815	13.61
63	633	983	828	13.61
64	648	996	842	13.61
65	663	1009	855	13.61
66	678	1022	869	13.61
67	693	1035	883	13.61
68	709	1048	896	13.61
69	724	1061	910	13.61
70	739	1074	923	13.61
71	754	1087	937	13.61
72	769	1100	951	13.61
73	784	1113	964	13.61
74	800	1126	978	13.61
75	815	1139	992	13.61
76	830	1153	1005	13.61
77	845	1166	1019	13.61
78	860	1179	1032	13.61
79	875	1192	1046	13.61
80	890	1205	1060	13.61
81	906	1219	1073	13.61
82	921	1232	1087	13.61
83	936	1245	1100	13.61
84	951	1258	1114	13.61
85	966	1271	1128	13.61
86	981	1285	1141	13.61
87	996	1299	1155	13.61
88	1012	1312	1168	13.61
89	1027	1325	1182	13.61
90	1042	1338	1196	13.61
91	1057	1351	1209	13.61
92	1072	1364	1223	13.61
93	1086	1379	1236	13.61
94	1100	1392	1250	13.61
95	1114	1405	1264	13.61
96	1129	1419	1277	13.61
97	1144	1432	1291	13.61
98	1160	1445	1304	13.61
99	1175	1458	1318	13.61
100	1190	1472	1332	13.61
101	1204	1486	1345	13.61
102	1219	1499	1359	13.61
103	1234	1512	1372	13.61
104	1249	1525	1386	13.61
105	1265	1538	1400	13.61
106	1280	1551	1413	13.61
107	1295	1565	1427	13.61
108	1310	1580	1441	13.61
109	1325	1595	1454	13.61
110	1339	1610	1468	13.61
111	1353	1627	1481	13.61
112	1367	1643	1495	13.61
113	1382	1659	1509	13.61
114	1395	1675	1522	13.61
115	1408	1690	1536	13.61
116	1422	1706	1549	13.61
117	1435	1722	1563	13.61
118	1450	1738	1577	13.61
119	1465	1754	1590	13.61
120	1479	1770	1604	13.61
121	1492	1786	1617	13.61
122	1506	1802	1631	13.61
123	1519	1818	1645	13.61
124	1533	1833	1658	13.61
125	1547	1849	1672	13.61
126	1562	1866	1685	13.61
127	1574	1882	1699	13.61
128	1588	1898	1713	13.61
129	1601	1914	1726	13.61
130	1616	1930	1740	13.61
131	1629	1947	1753	13.61
132	1641	1963	1767	13.61
133	1654	1978	1781	13.61
134	1666	1995	1794	13.61
135	1678	2010	1808	13.61
136	1690	2027	1821	13.61
137	1702	2041	1835	13.61
138	1715	2056	1849	13.61
139	1728	2072	1862	13.61
140	1740	2088	1876	13.61
141	1754	2104	1890	13.61
142	1766	2120	1903	13.61
143	1779	2136	1917	13.61
144	1792	2152	1930	13.61
145	1805	2167	1944	13.61
146	1818	2182	1958	13.61
147	1831	2197	1971	13.61
148	1843	2212	1985	13.61
149	1855	2227	1998	13.61
150	1867	2242	2012	13.61
151	1881	2257	2026	23.09
152	1910	2273	2049	32.57
153	1951	2288	2081	32.57
154	1984	2301	2114	32.57
155	2020	2314	2146	32.57
156	2054	2327	2179	32.57
157	2085	2343	2211	32.57
158	2118	2373	2244	32.57
159	2149	2409	2277	32.57
160	2176	2443	2309	32.57
161	2202	2481	2342	32.57
162	2232	2519	2374	32.57
163	2262	2558	2407	32.57
164	2290	2599	2439	32.57
165	2315	2643	2472	32.57
166	2340	2690	2505	27.03
167	2364	2722	2532	21.48
168	2386	2743	2553	21.48
169	2410	2763	2575	21.48
170	2433	2783	2596	21.48
171	2456	2802	2618	21.48
172	2478	2822	2639	21.48
173	2501	2841	2661	21.48
174	2524	2860	2682	21.48
175	2546	2879	2704	21.48
176	2568	2899	2725	21.48
177	2590	2918	2746	21.48
178	2612	2937	2768	21.48
179	2634	2957	2789	21.48
180	2657	2978	2811	21.48
181	2679	2999	2832	21.48
182	2701	3020	2854	21.48
183	2723	3041	2875	21.48
184	2745	3061	2897	21.48
185	2767	3083	2918	21.48
186	2789	3104	2940	21.48
187	2811	3124	2961	21.48
188	2833	3144	2983	21.48
189	2856	3165	3004	21.48
190	2879	3186	3026	21.48
191	2901	3206	3047	21.48
192	2924	3227	3069	21.48
193	2946	3247	3090	21.48
194	2968	3267	3112	21.48
195	2990	3288	3133	21.48
196	3011	3309	3155	21.48
197	3032	3331	3176	21.48
198	3054	3352	3198	21.48
199	3075	3373	3219	21.48
200	3096	3395	3241	21.48
201	3119	3416	3262	21.48
202	3141	3438	3284	21.48
203	3162	3459	3305	21.48
204	3184	3481	3327	21.48
205	3205	3502	3348	21.48
206	3226	3523	3370	21.48
207	3247	3544	3391	21.48
208	3268	3565	3413	21.48
209	3289	3587	3434	21.48
210	3310	3608	3455	21.48
211	3331	3629	3477	21.48
212	3352	3651	3498	21.48
213	3373	3672	3520	21.48
214	3395	3694	3541	21.48
215	3416	3716	3563	21.48
216	3437	3737	3584	21.48
217	3458	3758	3606	21.48
218	3479	3779	3627	21.48
219	3500	3801	3649	21.48
220	3521	3823	3670	21.48
221	3542	3844	3692	21.48
222	3562	3866	3713	21.48
223	3583	3888	3735	21.48
224	3604	3909	3756	21.48
225	3625	3930	3778	21.48
226	3646	3951	3799	21.48
227	3667	3973	3821	21.48
228	3688	3994	3842	21.48
229	3709	4015	3864	21.48
230	3730	4037	3885	21.48
231	3751	4059	3907	21.48
232	3772	4081	3928	21.48
233	3793	4103	3950	21.48
234	3814	4125	3971	21.48
235	3835	4147	3993	21.48
236	3856	4168	4014	21.48
237	3876	4190	4036	21.48
238	3897	4211	4057	21.48
239	3917	4233	4079	21.48
240	3938	4254	4100	21.48
241	3959	4275	4122	21.48
242	3979	4296	4143	21.48
243	4000	4318	4164	21.48
244	4021	4339	4186	21.48
245	4041	4362	4207	21.48
246	4062	4384	4229	21.48
247	4082	4406	4250	21.48
248	4102	4428	4272	21.48
249	4122	4450	4293	21.48
250	4143	4472	4315	21.48
251	4163	4495	4336	21.48
252	4183	4517	4358	21.48
253	4203	4540	4379	21.48
254	4223	4562	4401	21.48
255	4243	4584	4422	21.48
256	4264	4607	4444	21.48
257	4285	4630	4465	21.48
258	4305	4654	4487	21.48
259	4326	4677	4508	21.48
260	4345	4701	4530	21.48
261	4365	4724	4551	21.48
262	4384	4748	4573	21.48
263	4405	4771	4594	21.48
264	4425	4796	4616	21.48
265	4445	4818	4637	19.72
266	4467	4834	4657	19.72
267	4489	4850	4677	19.72
268	4511	4866	4696	19.72
269	4533	4884	4716	19.72
270	4555	4901	4736	19.72
271	4577	4918	4755	19.72
272	4599	4936	4775	19.72
273	4622	4953	4795	19.72
274	4644	4972	4815	19.72
275	4665	4989	4834	19.72
276	4686	5008	4854	19.72
277	4708	5026	4874	19.72
278	4729	5045	4893	19.72
279	4750	5062	4913	19.72
280	4771	5082	4933	19.72
281	4793	5102	4953	19.72
282	4814	5121	4972	19.72
283	4835	5139	4992	19.72
284	4857	5158	5012	19.72
285	4879	5177	5031	19.72
286	4900	5196	5051	19.72
287	4920	5214	5071	19.72
288	4942	5233	5091	19.72
289	4963	5250	5110	19.72
290	4984	5269	5130	19.72
291	5005	5289	5150	19.72
292	5025	5308	5169	19.72
293	5047	5326	5189	19.72
294	5068	5346	5209	19.72
295	5088	5365	5229	19.72
296	5107	5384	5248	19.72
297	5127	5403	5268	19.72
298	5147	5422	5288	19.72
299	5168	5441	5307	19.72
300	5189	5460	5327	19.72
301	5210	5479	5347	19.72
302	5231	5498	5367	19.72
303	5251	5518	5386	19.72
304	5272	5537	5406	19.72
305	5291	5557	5426	19.72
306	5312	5578	5445	19.72
307	5332	5598	5465	19.72
308	5352	5619	5485	19.72
309	5373	5639	5505	19.72
310	5393	5658	5524	19.72
311	5413	5677	5544	19.72
312	5433	5696	5564	19.72
313	5453	5715	5583	19.72
314	5474	5735	5603	19.72
315	5495	5755	5623	19.72
316	5515	5775	5643	19.72
317	5534	5794	5662	19.72
318	5555	5814	5682	19.72
319	5574	5833	5702	19.72
320	5595	5854	5721	19.72
321	5615	5875	5741	19.72
322	5636	5894	5761	19.72
323	5657	5916	5781	19.72
324	5676	5937	5800	19.72
325	5696	5956	5820	19.72
326	5716	5976	5840	19.72
327	5735	5998	5859	19.72
328	5755	6018	5879	19.72
329	5775	6039	5899	19.72
330	5795	6061	5919	19.72
331	5815	6084	5938	19.72
332	5834	6107	5958	19.72
333	5852	6128	5978	19.72
334	5870	6151	5997	19.72
335	5886	6173	6017	19.72
336	5904	6195	6037	28.34
337	5933	6221	6065	28.34
338	5964	6246	6094	28.34
339	5995	6272	6122	28.34
340	6024	6298	6150	28.34
341	6053	6325	6179	28.34
342	6081	6352	6207	28.34
343	6109	6379	6235	28.34
344	6137	6406	6264	28.34
345	6166	6433	6292	28.34
346	6198	6461	6320	28.34
347	6227	6487	6349	28.34
348	6258	6513	6377	28.34
349	6291	6541	6405	28.34
350	6321	6568	6434	28.34
351	6350	6595	6462	28.34
352	6378	6624	6490	28.34
353	6407	6651	6519	28.34
354	6435	6678	6547	28.34
355	6463	6706	6575	28.34
356	6491	6733	6604	28.34
357	6519	6760	6632	28.34
358	6546	6788	6660	28.34
359	6573	6817	6689	28.34
360	6602	6844	6717	28.34
361	6629	6870	6745	28.34
362	6657	6897	6774	28.34
363	6691	6924	6802	28.34
364	6722	6951	6830	28.34
365	6750	6977	6859	28.34
366	6779	7006	6887	28.34
367	6810	7034	6915	28.34
368	6840	7062	6944	28.34
369	6871	7089	6972	28.34
370	6900	7118	7000	28.34
371	6928	7146	7029	28.34
372	6956	7173	7057	28.34
373	6985	7201	7085	28.34
374	7011	7229	7114	28.34
375	7038	7258	7142	28.34
376	7065	7286	7170	28.34
377	7096	7316	7199	28.34
378	7123	7347	7227	28.34
379	7150	7376	7255	28.34
380	7177	7406	7284	28.34
381	7204	7435	7312	28.34
382	7232	7464	7340	28.34
383	7259	7495	7369	28.34
384	7285	7526	7397	28.34
385	7312	7555	7425	28.34
386	7339	7585	7454	28.34
387	7365	7615	7482	28.34
388	7390	7645	7510	28.34
389	7417	7675	7539	28.34
390	7443	7708	7567	28.34
391	7468	7739	7595	28.34
392	7494	7770	7624	28.34
393	7521	7801	7652	28.34
394	7548	7831	7680	28.34
395	7572	7862	7709	28.34
396	7597	7892	7737	28.34
397	7625	7923	7765	23.33
398	7649	7944	7789	23.33
399	7674	7965	7812	23.33
400	7699	7986	7835	23.33
401	7724	8007	7859	23.33
402	7749	8028	7882	23.33
403	7774	8049	7905	23.33
404	7799	8071	7929	23.33
405	7823	8092	7952	23.33
406	7848	8114	7975	23.33
407	7873	8135	7999	23.33
408	7899	8156	8022	23.33
409	7924	8177	8045	23.33
410	7949	8198	8069	23.33
411	7974	8220	8092	23.33
412	7999	8242	8115	23.33
413	8024	8263	8139	23.33
414	8049	8284	8162	23.33
415	8074	8306	8185	23.33
416	8099	8328	8209	23.33
417	8123	8349	8232	23.33
418	8148	8370	8255	23.33
419	8172	8391	8279	23.33
420	8197	8414	8302	23.33
421	8222	8435	8325	23.33
422	8247	8456	8349	23.33
423	8272	8479	8372	23.33
424	8298	8500	8395	23.33
425	8323	8522	8419	23.33
426	8348	8543	8442	23.33
427	8373	8564	8465	23.33
428	8398	8585	8489	23.33
429	8422	8607	8512	23.33
430	8447	8629	8535	23.33
431	8471	8651	8559	23.33
432	8495	8675	8582	23.33
433	8519	8697	8605	23.33
434	8544	8719	8629	23.33
435	8568	8744	8652	23.33
436	8593	8767	8675	23.33
437	8618	8789	8698	23.33
438	8643	8812	8722	23.33
439	8668	8835	8745	23.33
440	8693	8857	8768	23.33
441	8717	8879	8792	23.33
442	8740	8902	8815	23.33
443	8764	8926	8838	23.33
444	8789	8951	8862	23.33
445	8814	8973	8885	23.33
446	8839	8996	8908	23.33
447	8863	9020	8932	23.33
448	8887	9043	8955	23.33
449	8912	9068	8978	23.33
450	8936	9092	9002	23.33
451	8959	9116	9025	23.33
452	8984	9140	9048	23.33
453	9007	9164	9072	23.33
454	9030	9188	9095	23.33
455	9054	9212	9118	23.33
456	9077	9236	9142	23.33
457	9101	9260	9165	23.33
458	9124	9283	9188	23.33
459	9148	9306	9212	23.33
460	9172	9331	9235	23.33
461	9196	9354	9258	23.33
462	9219	9379	9282	23.33
463	9242	9403	9305	23.33
464	9266	9427	9328	23.33
465	9289	9453	9352	23.33
466	9312	9476	9375	23.33
467	9335	9501	9398	23.33
468	9358	9525	9422	23.33
469	9379	9549	9445	23.33
470	9402	9574	9468	23.33
471	9425	9599	9492	23.33
472	9448	9623	9515	23.33
473	9470	9648	9538	23.33
474	9493	9673	9562	26.11
475	9519	9697	9588	26.11
476	9547	9721	9614	26.11
477	9574	9747	9640	26.11
478	9601	9770	9666	26.11
479	9627	9795	9692	26.11
480	9654	9819	9718	26.11
481	9680	9844	9744	26.11
482	9705	9868	9770	26.11
483	9730	9893	9797	26.11
484	9756	9918	9823	26.11
485	9780	9943	9849	26.11
486	9804	9969	9875	26.11
487	9826	9994	9901	26.11
488	9848	10018	9927	26.11
489	9870	10043	9953	26.11
490	9892	10068	9979	26.11
491	9914	10093	10005	26.11
492	9936	10118	10032	26.11
493	9958	10143	10058	26.11
494	9981	10168	10084	26.11
495	10003	10193	10110	26.11
496	10026	10218	10136	26.11
497	10049	10243	10162	26.11
498	10072	10268	10188	26.11
499	10095	10294	10214	26.11
500	10117	10319	10241	26.11
501	10139	10345	10267	26.11
502	10161	10370	10293	26.11
503	10183	10395	10319	26.11
504	10206	10420	10345	26.11
505	10228	10445	10371	26.11
506	10250	10470	10397	26.11
507	10272	10497	10423	26.11
508	10294	10522	10449	26.11
509	10316	10548	10476	26.11
510	10338	10574	10502	26.11
511	10360	10600	10528	26.11
512	10383	10625	10554	26.11
513	10406	10651	10580	26.11
514	10429	10676	10606	26.11
515	10449	10702	10632	26.11
516	10471	10728	10658	26.11
517	10494	10755	10684	26.11
518	10517	10781	10711	26.11
519	10540	10807	10737	26.11
520	10562	10833	10763	26.11
521	10584	10859	10789	26.11
522	10606	10885	10815	26.11
523	10629	10910	10841	26.11
524	10651	10936	10867	26.11
525	10673	10962	10893	26.11
526	10695	10989	10919	26.11
527	10717	11016	10946	26.11
528	10739	11043	10972	26.11
529	10761	11070	10998	26.11
530	10783	11097	11024	26.11
531	10805	11124	11050	26.11
532	10827	11151	11076	26.11
533	10849	11179	11102	26.11
534	10872	11206	11128	26.11
535	10894	11234	11154	38.4
536	10943	11281	11193	38.4
537	10989	11335	11231	38.4
538	11038	11402	11270	38.4
539	11086	11468	11308	38.4
540	11129	11532	11346	38.4
541	11173	11604	11385	38.4
542	11199	11671	11423	38.4
543	11217	11747	11462	38.4
544	11232	11818	11500	38.4
545	11243	11888	11538	38.4
546	11255	11959	11577	38.4
547	11263	12026	11615	38.4
548	11272	12097	11654	38.4
549	11280	12171	11692	38.4
550	11288	12242	11730	27.93
551	11328	12255	11758	27.93
552	11369	12268	11786	27.93
553	11410	12282	11814	27.93
554	11451	12295	11842	27.93
555	11492	12309	11870	27.93
556	11534	12322	11898	27.93
557	11575	12335	11926	27.93
558	11617	12347	11954	27.93
559	11659	12359	11982	27.93
560	11701	12371	12010	27.93
561	11742	12384	12038	27.93
562	11782	12398	12066	27.93
563	11822	12411	12094	27.93
564	11863	12425	12122	27.93
565	11904	12437	12149	27.93
566	11944	12450	12177	27.93
567	11986	12462	12205	27.93
568	12028	12476	12233	27.93
569	12069	12491	12261	27.93
570	12108	12506	12289	27.93
571	12149	12520	12317	27.93
572	12188	12535	12345	27.93
573	12228	12549	12373	27.93
574	12267	12560	12401	27.93
575	12306	12576	12429	27.93
576	12343	12590	12457	27.93
577	12378	12606	12485	27.93
578	12413	12619	12513	27.93
579	12445	12632	12541	27.93
580	12478	12646	12568	27.93
581	12509	12663	12596	27.93
582	12539	12682	12624	27.93
583	12567	12706	12652	31.79
584	12596	12738	12684	43.36
585	12640	12781	12727	43.36
586	12682	12829	12771	43.36
587	12722	12876	12814	43.36
588	12761	12927	12858	43.36
589	12802	12976	12901	43.36
590	12841	13025	12944	43.36
591	12879	13076	12988	43.36
592	12917	13127	13031	43.36
593	12954	13180	13074	43.36
594	12990	13232	13118	43.36
595	13026	13285	13161	43.36
596	13061	13337	13204	43.36
597	13095	13389	13248	43.36
598	13127	13440	13291	43.36
599	13160	13490	13335	43.36
600	13192	13541	13378	43.36
601	13224	13593	13421	43.36
602	13256	13646	13465	43.36
603	13287	13697	13508	43.36
604	13318	13749	13551	43.36
605	13351	13803	13595	43.36
606	13383	13856	13638	43.36
607	13414	13910	13681	43.36
608	13448	13963	13725	43.36
609	13481	14017	13768	43.36
610	13515	14068	13812	43.36
611	13550	14121	13855	43.36
612	13582	14174	13898	43.36
613	13615	14227	13942	43.36
614	13647	14279	13985	43.36
615	13680	14331	14028	43.36
616	13712	14385	14072	43.36
617	13743	14438	14115	43.36
618	13776	14490	14158	43.36
619	13808	14543	14202	43.36
620	13840	14595	14245	43.36
621	13871	14648	14289	43.36
622	13905	14701	14332	43.36
623	13939	14754	14375	43.36
624	13972	14807	14419	43.36
625	14004	14859	14462	43.36
626	14037	14911	14505	43.36
627	14069	14963	14549	43.36
628	14102	15015	14592	43.36
629	14134	15068	14635	43.36
630	14167	15120	14679	43.36
631	14199	15172	14722	43.36
632	14232	15225	14766	43.36
633	14265	15278	14809	NA
