depth	min95%	max95%	best	accrate
21	-678	142	-134	18.04
22	-657	159	-116	18.04
23	-636	176	-98	18.04
24	-615	193	-80	18.04
25	-594	210	-62	18.04
26	-573	227	-44	18.04
27	-552	244	-26	18.04
28	-531	261	-8	18.04
29	-510	277	10	18.04
30	-489	294	28	18.04
31	-468	310	46	18.04
32	-447	327	64	18.05
33	-426	344	82	18.05
34	-405	361	100	18.05
35	-384	378	118	18.05
36	-362	395	136	18.05
37	-341	412	154	18.06
38	-320	429	172	18.06
39	-299	445	190	18.06
40	-278	462	208	18.06
41	-256	479	226	18.07
42	-235	496	245	18.07
43	-213	513	263	18.07
44	-192	530	281	18.08
45	-171	547	299	18.08
46	-149	564	317	18.08
47	-128	581	335	18.09
48	-106	598	353	18.09
49	-85	615	371	18.1
50	-64	631	389	18.1
51	-43	648	407	18.11
52	-22	665	425	18.11
53	-1	681	444	18.12
54	20	698	462	18.12
55	41	715	480	18.13
56	62	731	498	18.13
57	83	749	516	18.14
58	104	766	534	18.14
59	125	782	552	18.15
60	146	799	570	18.15
61	167	815	589	18.16
62	188	832	607	18.17
63	209	849	625	18.17
64	230	866	643	18.18
65	251	883	661	18.18
66	272	900	679	18.19
67	293	917	698	18.2
68	314	934	716	18.21
69	335	951	734	18.21
70	356	969	752	18.22
71	377	986	770	18.23
72	399	1003	789	18.24
73	420	1020	807	18.24
74	440	1038	825	18.25
75	462	1055	843	18.26
76	483	1073	862	18.27
77	504	1091	880	18.28
78	525	1109	898	18.29
79	546	1126	917	18.29
80	568	1144	935	18.3
81	589	1161	953	18.31
82	611	1178	971	18.32
83	632	1195	990	18.33
84	654	1212	1008	18.34
85	675	1230	1026	18.35
86	697	1247	1045	18.36
87	718	1264	1063	18.37
88	740	1282	1082	18.38
89	761	1299	1100	18.39
90	782	1317	1118	18.4
91	803	1334	1137	18.41
92	825	1352	1155	18.42
93	846	1370	1174	18.43
94	867	1387	1192	18.45
95	889	1405	1210	18.46
96	910	1422	1229	18.47
97	931	1440	1247	18.48
98	953	1457	1266	18.49
99	974	1475	1284	18.5
100	996	1492	1303	18.52
101	1017	1509	1321	18.53
102	1039	1527	1340	18.54
103	1060	1544	1358	18.55
104	1081	1562	1377	18.57
105	1103	1580	1396	18.58
106	1124	1597	1414	18.59
107	1146	1615	1433	18.6
108	1167	1632	1451	18.62
109	1188	1650	1470	18.63
110	1209	1667	1489	18.64
111	1231	1685	1507	18.66
112	1252	1703	1526	18.67
113	1274	1720	1545	18.69
114	1295	1738	1563	18.7
115	1316	1756	1582	18.71
116	1337	1773	1601	18.73
117	1357	1791	1619	18.74
118	1378	1810	1638	18.76
119	1399	1828	1657	18.77
120	1420	1846	1676	18.79
121	1441	1864	1694	18.8
122	1462	1882	1713	18.82
123	1483	1900	1732	18.84
124	1505	1918	1751	18.85
125	1526	1936	1770	18.87
126	1547	1955	1789	18.88
127	1569	1973	1807	18.9
128	1590	1991	1826	18.92
129	1611	2009	1845	18.93
130	1633	2027	1864	18.95
131	1654	2045	1883	18.97
132	1675	2064	1902	18.98
133	1696	2082	1921	19
134	1717	2100	1940	19.02
135	1739	2119	1959	19.03
136	1760	2137	1978	19.05
137	1782	2155	1997	19.07
138	1803	2174	2016	19.09
139	1823	2192	2035	19.11
140	1844	2210	2054	19.12
141	1866	2229	2074	19.14
142	1887	2247	2093	19.16
143	1909	2265	2112	19.18
144	1930	2283	2131	19.2
145	1950	2302	2150	19.22
146	1971	2320	2169	19.24
147	1992	2338	2189	19.26
148	2013	2357	2208	19.28
149	2034	2375	2227	19.29
150	2055	2394	2247	19.31
151	2076	2412	2266	19.33
152	2097	2431	2285	19.35
153	2118	2449	2305	19.37
154	2139	2468	2324	19.39
155	2160	2486	2343	19.41
156	2181	2505	2363	19.43
157	2202	2524	2382	19.46
158	2224	2543	2402	19.48
159	2245	2561	2421	19.5
160	2267	2580	2441	19.52
161	2288	2599	2460	19.54
162	2310	2618	2480	19.56
163	2331	2637	2499	19.58
164	2352	2656	2519	19.6
165	2373	2676	2538	19.62
166	2394	2696	2558	19.64
167	2415	2716	2578	19.66
168	2437	2735	2597	19.68
169	2458	2754	2617	19.7
170	2480	2774	2637	19.72
171	2502	2794	2656	19.74
172	2524	2813	2676	19.76
173	2545	2832	2696	19.78
174	2567	2851	2716	19.8
175	2588	2870	2735	19.82
176	2610	2889	2755	19.84
177	2631	2908	2775	19.86
178	2653	2927	2795	19.88
179	2675	2947	2815	19.91
180	2697	2966	2835	19.93
181	2718	2986	2855	19.95
182	2740	3005	2875	19.97
183	2762	3024	2895	19.99
184	2784	3043	2915	20.01
185	2806	3064	2935	20.03
186	2828	3083	2955	20.05
187	2850	3103	2975	20.07
188	2872	3122	2995	20.09
189	2893	3142	3015	20.11
190	2915	3162	3035	20.13
191	2936	3182	3055	20.15
192	2958	3202	3075	20.18
193	2979	3222	3095	20.2
194	3001	3242	3116	20.22
195	3023	3260	3136	20.24
196	3044	3280	3156	20.26
197	3065	3300	3176	20.28
198	3086	3321	3197	20.3
199	3106	3342	3217	20.32
200	3128	3362	3237	20.34
201	3149	3382	3258	20.36
202	3170	3402	3278	20.38
203	3191	3422	3298	20.41
204	3212	3442	3319	20.43
205	3233	3462	3339	20.45
206	3255	3481	3360	20.47
207	3277	3501	3380	20.49
208	3298	3521	3401	20.51
209	3319	3542	3421	20.53
210	3341	3563	3442	20.55
211	3362	3583	3462	20.57
212	3384	3603	3483	20.6
213	3405	3624	3503	20.62
214	3426	3644	3524	20.64
215	3447	3664	3545	20.66
216	3469	3684	3565	20.68
217	3490	3705	3586	20.7
218	3511	3725	3607	20.72
219	3532	3745	3627	20.74
220	3554	3765	3648	20.77
221	3575	3785	3669	20.79
222	3596	3806	3690	20.81
223	3617	3826	3710	20.83
224	3638	3846	3731	20.85
225	3659	3867	3752	20.87
226	3680	3887	3773	20.89
227	3702	3908	3794	20.91
228	3723	3929	3815	20.94
229	3744	3949	3836	20.96
230	3765	3970	3857	20.98
231	3787	3990	3878	21
232	3808	4011	3899	21.02
233	3829	4031	3920	21.04
234	3851	4052	3941	21.06
235	3872	4073	3962	21.09
236	3893	4093	3983	21.11
237	3915	4114	4004	21.13
238	3936	4134	4025	21.15
239	3957	4155	4046	21.17
240	3979	4176	4068	21.19
241	4000	4197	4089	21.22
242	4022	4217	4110	21.24
243	4044	4238	4131	21.26
244	4065	4258	4152	21.28
245	4086	4279	4174	21.3
246	4108	4299	4195	21.32
247	4129	4320	4216	21.34
248	4151	4341	4238	21.37
249	4173	4362	4259	21.39
250	4194	4384	4280	21.41
251	4216	4405	4302	21.43
252	4238	4426	4323	21.45
253	4260	4447	4345	21.48
254	4281	4468	4366	21.5
255	4302	4489	4388	21.52
256	4324	4510	4409	21.54
257	4345	4531	4431	21.56
258	4367	4552	4452	21.58
259	4389	4573	4474	21.61
260	4411	4595	4495	21.63
261	4432	4616	4517	21.65
262	4454	4638	4539	21.67
263	4477	4659	4560	21.69
264	4499	4680	4582	21.72
265	4521	4702	4604	21.74
266	4543	4723	4626	21.76
267	4565	4744	4647	21.78
268	4586	4765	4669	21.8
269	4608	4786	4691	21.83
270	4630	4807	4713	21.85
271	4652	4828	4735	21.87
272	4674	4849	4756	21.89
273	4695	4871	4778	21.91
274	4717	4892	4800	21.94
275	4738	4914	4822	21.96
276	4761	4935	4844	21.98
277	4784	4956	4866	22
278	4806	4978	4888	22.03
279	4829	5000	4910	22.05
280	4851	5022	4932	22.07
281	4873	5044	4954	22.09
282	4895	5066	4976	22.11
283	4917	5089	4999	22.14
284	4940	5111	5021	22.16
285	4962	5132	5043	22.18
286	4984	5154	5065	22.2
287	5007	5176	5087	22.23
288	5029	5198	5109	22.25
289	5051	5219	5132	22.27
290	5073	5241	5154	22.3
291	5095	5263	5176	22.32
292	5118	5286	5199	22.34
293	5140	5309	5221	22.36
294	5162	5331	5243	22.39
295	5184	5353	5266	22.41
296	5206	5374	5288	22.43
297	5229	5396	5310	22.45
298	5251	5418	5333	22.48
299	5274	5440	5355	22.5
300	5296	5462	5378	22.52
301	5319	5485	5400	22.55
302	5342	5508	5423	22.57
303	5365	5531	5446	22.59
304	5388	5555	5468	22.62
305	5410	5578	5491	22.64
306	5433	5601	5513	22.66
307	5456	5623	5536	22.69
308	5479	5645	5559	22.71
309	5501	5668	5581	22.73
310	5524	5690	5604	22.76
311	5547	5712	5627	22.78
312	5570	5734	5650	22.8
313	5593	5757	5673	22.83
314	5616	5779	5695	22.85
315	5639	5801	5718	22.87
316	5662	5823	5741	22.9
317	5685	5846	5764	22.92
318	5709	5869	5787	22.94
319	5732	5892	5810	22.97
320	5755	5914	5833	22.99
321	5778	5937	5856	23.01
322	5802	5960	5879	23.04
323	5825	5983	5902	23.06
324	5849	6006	5925	23.08
325	5872	6028	5948	23.11
326	5895	6051	5971	23.13
327	5919	6075	5994	23.16
328	5942	6098	6017	23.18
329	5966	6121	6041	23.2
330	5989	6144	6064	23.23
331	6012	6167	6087	23.25
332	6036	6190	6110	23.27
333	6059	6214	6134	23.3
334	6083	6237	6157	23.32
335	6106	6260	6180	23.35
336	6129	6284	6203	23.37
337	6152	6307	6227	23.39
338	6176	6330	6250	23.42
339	6199	6354	6274	23.44
340	6223	6376	6297	23.47
341	6246	6399	6321	23.49
342	6270	6422	6344	23.51
343	6293	6445	6368	23.54
344	6317	6468	6391	23.56
345	6340	6491	6415	23.58
346	6364	6515	6438	23.61
347	6388	6538	6462	23.63
348	6412	6561	6486	23.66
349	6436	6585	6509	23.68
350	6460	6608	6533	23.7
351	6484	6631	6557	23.73
352	6508	6655	6580	23.75
353	6531	6678	6604	23.77
354	6555	6702	6628	23.79
355	6579	6725	6652	23.82
356	6603	6749	6675	23.84
357	6627	6772	6699	23.86
358	6651	6796	6723	23.89
359	6676	6820	6747	23.91
360	6700	6844	6771	23.93
361	6724	6868	6795	23.95
362	6748	6892	6819	23.98
363	6772	6916	6843	24
364	6796	6940	6867	24.02
365	6821	6963	6891	24.05
366	6845	6987	6915	24.07
367	6869	7011	6939	24.09
368	6894	7035	6963	24.11
369	6918	7059	6987	24.13
370	6942	7082	7011	24.16
371	6966	7106	7035	24.18
372	6991	7131	7060	24.2
373	7015	7155	7084	24.22
374	7039	7179	7108	24.25
375	7064	7204	7132	24.27
376	7088	7228	7157	24.29
377	7112	7252	7181	24.31
378	7136	7277	7205	24.33
379	7161	7301	7229	24.35
380	7186	7325	7254	24.38
381	7211	7349	7278	24.4
382	7236	7373	7303	24.42
383	7260	7397	7327	24.44
384	7285	7421	7351	24.46
385	7309	7446	7376	24.48
386	7334	7470	7400	24.5
387	7359	7495	7425	24.53
388	7384	7520	7449	24.55
389	7409	7544	7474	24.57
390	7434	7569	7499	24.59
391	7459	7593	7523	24.61
392	7483	7618	7548	24.63
393	7508	7643	7572	24.65
394	7533	7667	7597	24.67
395	7558	7692	7622	24.69
396	7583	7716	7646	24.72
397	7608	7740	7671	24.74
398	7633	7765	7696	24.76
399	7658	7789	7721	24.78
400	7683	7814	7745	24.8
401	7708	7839	7770	24.82
402	7733	7863	7795	24.84
403	7758	7888	7820	24.86
404	7783	7913	7845	24.88
405	7809	7937	7870	24.9
406	7834	7962	7894	24.92
407	7859	7987	7919	24.94
408	7884	8011	7944	24.96
409	7909	8036	7969	24.98
410	7935	8060	7994	25.01
411	7960	8085	8019	25.03
412	7985	8110	8044	25.05
413	8011	8135	8069	25.07
414	8036	8160	8094	25.09
415	8061	8186	8120	25.11
416	8087	8211	8145	25.13
417	8112	8236	8170	25.15
418	8138	8262	8195	25.17
419	8163	8287	8220	25.19
420	8189	8312	8245	25.21
421	8215	8338	8270	25.23
422	8240	8363	8296	25.25
423	8265	8388	8321	25.27
424	8291	8413	8346	25.29
425	8316	8438	8372	25.31
426	8342	8462	8397	25.33
427	8368	8488	8422	25.35
428	8394	8513	8448	25.38
429	8419	8538	8473	25.4
430	8445	8564	8498	25.42
431	8471	8589	8524	25.44
432	8497	8615	8549	25.46
433	8523	8640	8575	25.48
434	8548	8665	8600	25.5
435	8574	8692	8626	25.52
436	8600	8716	8651	25.54
437	8626	8742	8677	25.56
438	8652	8767	8702	25.58
439	8678	8793	8728	25.6
440	8704	8819	8753	25.62
441	8729	8844	8779	25.64
442	8755	8870	8805	25.66
443	8781	8895	8830	25.68
444	8807	8920	8856	25.7
445	8833	8946	8882	25.72
446	8858	8972	8907	25.74
447	8884	8998	8933	25.76
448	8910	9024	8959	25.78
449	8936	9049	8985	25.8
450	8962	9075	9010	25.82
451	8987	9100	9036	25.84
452	9012	9126	9062	25.86
453	9038	9152	9088	25.88
454	9064	9177	9114	25.9
455	9090	9203	9140	25.92
456	9117	9229	9166	25.94
457	9143	9255	9192	25.96
458	9170	9281	9218	25.98
459	9196	9307	9244	26
460	9222	9333	9270	26.02
461	9248	9359	9296	26.04
462	9274	9385	9322	26.06
463	9300	9411	9348	26.08
464	9326	9437	9374	26.11
465	9353	9463	9400	26.13
466	9379	9489	9426	26.15
467	9405	9514	9452	26.17
468	9431	9540	9478	26.19
469	9457	9567	9505	26.21
470	9483	9592	9531	26.23
471	9510	9619	9557	26.25
472	9536	9645	9583	26.27
473	9562	9671	9610	26.29
474	9588	9698	9636	26.31
475	9614	9724	9662	26.33
476	9640	9750	9688	26.35
477	9666	9777	9715	26.36
478	9692	9804	9741	26.38
479	9718	9831	9768	26.4
480	9744	9857	9794	26.42
481	9770	9883	9820	26.44
482	9796	9910	9847	26.46
483	9822	9936	9873	26.48
484	9848	9963	9900	26.5
485	9874	9989	9926	26.52
486	9900	10016	9953	26.54
487	9926	10043	9979	26.56
488	9952	10070	10006	26.58
489	9979	10097	10032	26.59
490	10005	10123	10059	26.61
491	10031	10150	10086	26.63
492	10057	10177	10112	26.65
493	10083	10203	10139	26.67
494	10109	10229	10166	26.69
495	10135	10256	10192	26.7
496	10161	10283	10219	26.72
497	10188	10310	10246	26.74
498	10214	10337	10272	26.76
499	10240	10363	10299	26.78
500	10266	10390	10326	26.79
501	10292	10417	10353	26.81
502	10318	10443	10380	26.83
503	10345	10471	10406	26.85
504	10371	10498	10433	26.86
505	10397	10526	10460	26.88
506	10423	10553	10487	26.9
507	10450	10581	10514	26.91
508	10476	10608	10541	26.93
509	10502	10636	10568	26.95
510	10529	10663	10595	26.96
511	10555	10690	10622	26.98
512	10581	10717	10649	27
513	10607	10744	10676	27.01
514	10634	10772	10703	27.03
515	10660	10799	10730	27.05
516	10687	10825	10757	27.06
517	10713	10852	10784	27.08
518	10739	10879	10811	27.1
519	10766	10906	10838	27.11
520	10792	10933	10865	27.13
521	10819	10961	10892	27.14
522	10845	10989	10919	27.16
523	10872	11016	10946	27.17
524	10898	11044	10974	27.19
525	10925	11072	11001	27.2
526	10951	11100	11028	27.22
527	10978	11127	11055	27.23
528	11004	11155	11083	27.25
529	11031	11183	11110	27.26
530	11057	11211	11137	27.28
531	11084	11239	11164	27.29
532	11110	11266	11192	27.31
533	11136	11294	11219	27.32
534	11163	11322	11246	27.34
535	11189	11349	11274	27.35
536	11216	11377	11301	27.37
537	11243	11405	11328	27.38
538	11269	11433	11356	27.4
539	11296	11461	11383	27.41
540	11323	11489	11410	27.42
541	11349	11517	11438	27.44
542	11376	11545	11465	27.45
543	11403	11573	11493	27.46
544	11430	11601	11520	27.47
545	11456	11629	11548	27.49
546	11483	11657	11575	27.5
547	11509	11685	11603	27.51
548	11536	11714	11630	27.52
549	11562	11742	11658	27.54
550	11588	11770	11685	27.55
551	11615	11798	11713	27.56
552	11641	11826	11740	27.57
553	11668	11855	11768	27.58
554	11694	11883	11796	27.59
555	11720	11912	11823	27.6
556	11746	11940	11851	27.62
557	11773	11969	11878	27.63
558	11799	11998	11906	27.64
559	11826	12026	11934	27.65
560	11853	12055	11961	27.66
561	11880	12083	11989	27.67
562	11906	12112	12017	27.68
563	11933	12140	12044	27.69
564	11959	12168	12072	27.69
565	11986	12197	12100	27.7
566	12013	12225	12127	27.71
567	12040	12254	12155	27.72
568	12067	12282	12183	27.73
569	12094	12310	12211	27.74
570	12121	12339	12238	27.75
571	12148	12368	12266	27.76
572	12174	12397	12294	27.76
573	12201	12426	12322	27.77
574	12227	12456	12349	27.78
575	12254	12485	12377	27.79
576	12281	12514	12405	27.79
577	12307	12543	12433	27.8
578	12334	12571	12460	27.81
579	12361	12599	12488	27.81
580	12387	12627	12516	27.82
581	12414	12656	12544	27.83
582	12440	12684	12572	27.83
583	12466	12712	12600	27.84
584	12493	12741	12627	27.84
585	12519	12769	12655	27.85
586	12546	12797	12683	27.86
587	12573	12826	12711	27.86
588	12600	12855	12739	27.87
589	12627	12883	12767	27.87
590	12654	12912	12795	27.88
591	12680	12941	12822	27.88
592	12707	12970	12850	27.89
593	12734	12999	12878	27.89
594	12760	13028	12906	27.9
595	12787	13056	12934	27.9
596	12814	13085	12962	27.9
597	12840	13114	12990	27.91
598	12867	13143	13018	27.91
599	12894	13172	13046	27.92
600	12920	13201	13074	27.92
601	12947	13230	13101	27.92
602	12974	13260	13129	27.93
603	13000	13289	13157	27.93
604	13026	13319	13185	27.94
605	13053	13348	13213	27.94
606	13080	13377	13241	27.94
607	13107	13406	13269	27.95
608	13133	13435	13297	27.95
609	13160	13463	13325	27.95
610	13186	13492	13353	27.95
611	13213	13520	13381	27.96
612	13239	13549	13409	27.96
613	13266	13578	13437	27.96
614	13292	13607	13465	27.96
615	13319	13636	13493	27.97
616	13345	13665	13521	27.97
617	13372	13694	13549	27.97
618	13399	13723	13577	27.97
619	13425	13752	13605	27.97
620	13452	13781	13633	27.97
621	13478	13810	13661	27.98
622	13505	13839	13688	27.98
623	13531	13868	13716	27.98
624	13558	13897	13744	27.98
625	13584	13926	13772	27.98
626	13611	13955	13800	27.98
627	13637	13984	13828	27.98
628	13664	14013	13856	27.98
629	13690	14042	13884	27.98
630	13716	14071	13912	27.98
631	13743	14101	13940	27.98
632	13769	14130	13968	27.98
633	13795	14160	13996	NA
