depth	min95%	max95%	best	accrate
21	-1152	-268	-652	23.07
22	-1128	-246	-629	23.07
23	-1104	-224	-606	23.07
24	-1080	-202	-583	23.07
25	-1056	-180	-560	23.07
26	-1032	-158	-537	23.07
27	-1008	-136	-514	23.07
28	-983	-113	-491	23.07
29	-959	-91	-467	23.07
30	-935	-69	-444	23.07
31	-911	-47	-421	23.07
32	-887	-25	-398	23.07
33	-863	-3	-375	23.07
34	-839	19	-352	23.07
35	-815	42	-329	23.07
36	-791	64	-306	23.07
37	-767	86	-283	23.07
38	-742	108	-260	23.07
39	-718	130	-237	23.07
40	-694	153	-214	23.07
41	-670	175	-191	23.07
42	-646	197	-168	23.07
43	-622	219	-144	23.07
44	-598	242	-121	23.07
45	-574	264	-98	23.07
46	-550	286	-75	23.07
47	-526	308	-52	23.07
48	-501	330	-29	23.07
49	-477	353	-6	23.07
50	-453	375	17	23.07
51	-429	398	40	23.07
52	-405	420	63	23.07
53	-381	443	86	23.07
54	-357	465	109	23.07
55	-333	488	132	23.07
56	-308	510	155	23.07
57	-284	533	179	23.07
58	-260	555	202	23.07
59	-236	578	225	23.07
60	-211	600	248	23.07
61	-187	622	271	23.07
62	-163	645	294	23.07
63	-139	667	317	23.07
64	-114	690	340	23.07
65	-90	712	363	23.07
66	-66	734	386	23.07
67	-42	757	409	23.07
68	-18	778	432	23.07
69	6	800	455	23.07
70	31	822	478	23.07
71	55	844	502	23.07
72	79	866	525	23.07
73	103	887	548	23.07
74	127	909	571	23.07
75	151	931	594	23.07
76	175	953	617	23.07
77	200	975	640	23.07
78	224	997	663	23.07
79	248	1019	686	23.07
80	273	1041	709	23.07
81	297	1064	732	23.07
82	321	1086	755	23.07
83	345	1108	778	23.07
84	369	1130	801	23.07
85	393	1152	825	23.07
86	416	1175	848	23.07
87	440	1197	871	23.07
88	464	1219	894	23.07
89	488	1242	917	23.07
90	512	1264	940	23.07
91	537	1286	963	23.07
92	561	1308	986	23.07
93	585	1330	1009	23.07
94	609	1352	1032	23.07
95	633	1374	1055	23.07
96	657	1397	1078	23.07
97	681	1419	1101	23.07
98	706	1441	1124	23.07
99	730	1463	1148	23.07
100	755	1485	1171	23.07
101	779	1508	1194	23.07
102	803	1530	1217	23.07
103	827	1552	1240	23.07
104	851	1574	1263	23.07
105	875	1597	1286	23.07
106	900	1619	1309	23.07
107	924	1641	1332	23.07
108	948	1664	1355	23.07
109	972	1686	1378	23.07
110	996	1709	1401	23.07
111	1021	1731	1424	23.07
112	1045	1754	1447	23.07
113	1069	1776	1471	23.07
114	1093	1799	1494	23.07
115	1117	1821	1517	23.07
116	1141	1844	1540	23.07
117	1165	1866	1563	23.07
118	1189	1888	1586	23.07
119	1213	1911	1609	23.07
120	1237	1933	1632	23.07
121	1261	1956	1655	23.07
122	1285	1978	1678	23.07
123	1309	2000	1701	23.07
124	1333	2023	1724	23.07
125	1357	2045	1747	23.07
126	1382	2067	1771	23.07
127	1406	2089	1794	23.07
128	1430	2111	1817	23.07
129	1454	2133	1840	23.07
130	1478	2155	1863	23.07
131	1502	2177	1886	23.07
132	1526	2199	1909	23.07
133	1550	2221	1932	23.07
134	1574	2243	1955	23.07
135	1598	2265	1978	23.07
136	1622	2287	2001	23.07
137	1646	2309	2024	23.07
138	1670	2331	2047	23.07
139	1694	2353	2070	23.07
140	1718	2375	2094	23.07
141	1742	2397	2117	23.07
142	1766	2419	2140	23.07
143	1790	2441	2163	23.07
144	1815	2463	2186	23.07
145	1839	2486	2209	23.07
146	1863	2508	2232	23.07
147	1887	2530	2255	23.07
148	1911	2552	2278	23.08
149	1935	2574	2301	23.08
150	1959	2597	2324	23.08
151	1983	2620	2347	23.08
152	2007	2642	2370	23.08
153	2032	2665	2394	23.08
154	2056	2688	2417	23.08
155	2080	2711	2440	23.08
156	2105	2733	2463	23.08
157	2129	2755	2486	23.08
158	2153	2777	2509	23.08
159	2177	2799	2532	23.08
160	2202	2821	2555	23.08
161	2226	2843	2578	23.08
162	2250	2865	2601	23.08
163	2275	2887	2624	23.08
164	2299	2909	2647	23.08
165	2323	2931	2670	23.08
166	2347	2954	2694	23.08
167	2372	2976	2717	23.08
168	2396	2998	2740	23.08
169	2420	3021	2763	23.08
170	2445	3043	2786	23.08
171	2469	3066	2809	23.08
172	2493	3088	2832	23.08
173	2516	3111	2855	23.08
174	2540	3134	2878	23.08
175	2564	3156	2901	23.08
176	2588	3178	2924	23.08
177	2612	3200	2947	23.08
178	2636	3222	2970	23.08
179	2660	3244	2994	23.08
180	2684	3266	3017	23.08
181	2708	3288	3040	23.08
182	2732	3310	3063	23.08
183	2756	3332	3086	23.08
184	2780	3355	3109	23.08
185	2804	3378	3132	23.08
186	2827	3400	3155	23.08
187	2851	3423	3178	23.08
188	2875	3445	3201	23.08
189	2899	3468	3224	23.08
190	2923	3491	3247	23.08
191	2947	3513	3270	23.08
192	2971	3536	3294	23.08
193	2996	3558	3317	23.08
194	3020	3581	3340	23.08
195	3044	3603	3363	23.08
196	3068	3625	3386	23.08
197	3092	3647	3409	23.08
198	3116	3669	3432	23.08
199	3140	3691	3455	23.08
200	3165	3714	3478	23.08
201	3189	3737	3501	23.08
202	3213	3759	3524	23.08
203	3237	3782	3547	23.08
204	3261	3804	3570	23.08
205	3285	3827	3594	23.08
206	3309	3849	3617	23.08
207	3333	3871	3640	23.08
208	3358	3893	3663	23.08
209	3382	3916	3686	23.08
210	3406	3938	3709	23.08
211	3430	3961	3732	23.08
212	3454	3984	3755	23.08
213	3478	4006	3778	23.08
214	3502	4028	3801	23.08
215	3527	4050	3824	23.08
216	3551	4073	3847	23.08
217	3575	4095	3870	23.08
218	3599	4117	3894	23.08
219	3623	4140	3917	23.08
220	3647	4162	3940	23.08
221	3671	4185	3963	23.08
222	3695	4208	3986	23.08
223	3718	4231	4009	23.08
224	3742	4254	4032	23.08
225	3766	4276	4055	23.08
226	3790	4299	4078	23.08
227	3814	4321	4101	23.08
228	3838	4344	4124	23.08
229	3862	4366	4147	23.08
230	3886	4388	4171	23.08
231	3910	4411	4194	23.08
232	3934	4433	4217	23.08
233	3958	4455	4240	23.08
234	3982	4478	4263	23.08
235	4006	4500	4286	23.08
236	4030	4522	4309	23.08
237	4054	4545	4332	23.08
238	4079	4567	4355	23.08
239	4103	4589	4378	23.08
240	4127	4612	4401	23.08
241	4151	4634	4424	23.08
242	4175	4656	4448	23.08
243	4199	4679	4471	23.08
244	4223	4701	4494	23.08
245	4247	4724	4517	23.08
246	4271	4746	4540	23.08
247	4295	4769	4563	23.08
248	4319	4792	4586	23.08
249	4344	4815	4609	23.08
250	4368	4838	4632	23.08
251	4392	4860	4655	23.08
252	4416	4883	4678	23.08
253	4440	4906	4701	23.08
254	4464	4928	4725	23.08
255	4488	4951	4748	23.08
256	4512	4974	4771	23.08
257	4536	4997	4794	23.08
258	4560	5019	4817	23.08
259	4585	5042	4840	23.08
260	4609	5065	4863	23.08
261	4633	5088	4886	23.08
262	4657	5111	4909	23.08
263	4681	5134	4932	23.08
264	4705	5156	4955	23.08
265	4729	5179	4978	23.08
266	4753	5202	5002	23.08
267	4777	5225	5025	23.08
268	4801	5247	5048	23.08
269	4826	5269	5071	23.09
270	4850	5291	5094	23.09
271	4874	5313	5117	23.09
272	4898	5336	5140	23.09
273	4922	5359	5163	23.09
274	4946	5381	5186	23.09
275	4970	5404	5209	23.09
276	4994	5426	5232	23.09
277	5018	5448	5255	23.09
278	5042	5470	5279	23.09
279	5067	5492	5302	23.09
280	5091	5514	5325	23.09
281	5115	5536	5348	23.09
282	5139	5558	5371	23.09
283	5163	5580	5394	23.09
284	5186	5602	5417	23.09
285	5210	5624	5440	23.09
286	5234	5646	5463	23.09
287	5258	5669	5486	23.09
288	5282	5691	5509	23.09
289	5307	5714	5533	23.09
290	5331	5736	5556	23.09
291	5355	5759	5579	23.09
292	5379	5781	5602	23.09
293	5403	5804	5625	23.09
294	5427	5826	5648	23.09
295	5451	5849	5671	23.09
296	5475	5871	5694	23.09
297	5499	5894	5717	23.09
298	5523	5916	5740	23.09
299	5547	5939	5763	23.09
300	5572	5961	5786	23.09
301	5596	5984	5810	23.09
302	5620	6006	5833	23.09
303	5644	6029	5856	23.09
304	5668	6052	5879	23.09
305	5692	6074	5902	23.09
306	5717	6097	5925	23.09
307	5741	6120	5948	23.09
308	5765	6143	5971	23.09
309	5789	6166	5994	23.09
310	5813	6189	6017	23.09
311	5838	6212	6040	23.09
312	5862	6234	6064	23.09
313	5886	6257	6087	23.09
314	5910	6280	6110	23.09
315	5934	6302	6133	23.09
316	5958	6325	6156	23.09
317	5982	6347	6179	23.09
318	6006	6369	6202	23.09
319	6031	6392	6225	23.09
320	6055	6414	6248	23.09
321	6079	6437	6271	23.09
322	6103	6459	6294	23.09
323	6127	6482	6318	23.09
324	6151	6505	6341	23.09
325	6175	6528	6364	23.09
326	6199	6551	6387	23.09
327	6223	6574	6410	23.09
328	6248	6597	6433	23.09
329	6272	6620	6456	23.09
330	6296	6643	6479	23.09
331	6320	6666	6502	23.09
332	6344	6689	6525	23.09
333	6368	6711	6548	23.09
334	6392	6734	6572	23.09
335	6416	6756	6595	23.09
336	6440	6779	6618	23.09
337	6464	6801	6641	23.09
338	6487	6824	6664	23.09
339	6511	6847	6687	23.09
340	6535	6869	6710	23.09
341	6559	6892	6733	23.09
342	6584	6915	6756	23.09
343	6608	6937	6779	23.09
344	6632	6960	6802	23.09
345	6656	6982	6826	23.09
346	6680	7005	6849	23.09
347	6704	7027	6872	23.09
348	6728	7050	6895	23.09
349	6752	7072	6918	23.09
350	6776	7095	6941	23.09
351	6800	7118	6964	23.09
352	6824	7140	6987	23.09
353	6847	7163	7010	23.09
354	6871	7185	7033	23.09
355	6895	7208	7056	23.09
356	6918	7230	7080	23.09
357	6942	7253	7103	23.09
358	6965	7276	7126	23.09
359	6989	7299	7149	23.1
360	7012	7322	7172	23.1
361	7036	7345	7195	23.1
362	7061	7367	7218	23.1
363	7085	7390	7241	23.1
364	7109	7413	7264	23.1
365	7133	7436	7287	23.1
366	7157	7458	7311	23.1
367	7181	7481	7334	23.1
368	7205	7503	7357	23.1
369	7229	7526	7380	23.1
370	7253	7548	7403	23.1
371	7277	7571	7426	23.1
372	7300	7593	7449	23.1
373	7324	7616	7472	23.1
374	7347	7638	7495	23.1
375	7371	7660	7518	23.1
376	7394	7683	7542	23.1
377	7418	7705	7565	23.1
378	7441	7728	7588	23.1
379	7465	7750	7611	23.1
380	7489	7773	7634	23.1
381	7513	7795	7657	23.1
382	7537	7818	7680	23.1
383	7561	7840	7703	23.1
384	7585	7863	7726	23.1
385	7610	7886	7749	23.1
386	7633	7909	7772	23.1
387	7658	7932	7796	23.1
388	7683	7955	7819	23.1
389	7706	7978	7842	23.1
390	7730	8001	7865	23.1
391	7754	8024	7888	23.1
392	7777	8047	7911	23.1
393	7801	8070	7934	23.1
394	7825	8093	7957	23.1
395	7849	8116	7980	23.1
396	7873	8139	8003	23.1
397	7895	8162	8027	23.1
398	7919	8185	8050	23.1
399	7943	8208	8073	23.1
400	7967	8231	8096	23.1
401	7991	8253	8119	23.1
402	8014	8276	8142	23.1
403	8038	8299	8165	23.1
404	8062	8322	8188	23.1
405	8086	8344	8211	23.1
406	8110	8367	8234	23.1
407	8133	8390	8258	23.1
408	8155	8413	8281	23.1
409	8179	8436	8304	23.1
410	8202	8459	8327	23.1
411	8225	8481	8350	23.1
412	8249	8504	8373	23.1
413	8272	8526	8396	23.1
414	8294	8549	8419	23.1
415	8317	8572	8442	23.1
416	8342	8594	8465	23.1
417	8366	8617	8489	23.1
418	8389	8640	8512	23.1
419	8413	8662	8535	23.1
420	8437	8685	8558	23.1
421	8461	8708	8581	23.1
422	8485	8730	8604	23.1
423	8508	8753	8627	23.1
424	8532	8776	8650	23.1
425	8556	8799	8673	23.1
426	8579	8821	8696	23.1
427	8603	8844	8720	23.1
428	8627	8867	8743	23.1
429	8650	8889	8766	23.1
430	8673	8912	8789	23.1
431	8696	8935	8812	23.1
432	8718	8958	8835	23.1
433	8741	8981	8858	23.1
434	8764	9004	8881	23.1
435	8787	9027	8904	23.1
436	8809	9050	8928	23.1
437	8832	9072	8951	23.1
438	8856	9095	8974	23.1
439	8879	9118	8997	23.1
440	8902	9141	9020	23.1
441	8926	9164	9043	23.1
442	8950	9187	9066	23.1
443	8972	9210	9089	23.1
444	8995	9233	9112	23.1
445	9018	9255	9135	23.1
446	9041	9278	9159	23.1
447	9064	9301	9182	23.1
448	9087	9324	9205	23.1
449	9111	9347	9228	23.1
450	9133	9370	9251	23.1
451	9156	9393	9274	23.1
452	9179	9416	9297	23.1
453	9202	9439	9320	23.1
454	9225	9462	9343	23.1
455	9248	9485	9366	23.1
456	9272	9508	9390	23.1
457	9295	9532	9413	23.1
458	9318	9555	9436	23.11
459	9342	9578	9459	23.11
460	9365	9601	9482	23.11
461	9387	9624	9505	23.11
462	9409	9647	9528	23.11
463	9432	9670	9551	23.11
464	9454	9694	9574	23.11
465	9477	9717	9598	23.11
466	9500	9741	9621	23.11
467	9522	9763	9644	23.11
468	9544	9786	9667	23.11
469	9566	9810	9690	23.11
470	9589	9833	9713	23.11
471	9611	9856	9736	23.11
472	9634	9879	9759	23.11
473	9657	9901	9782	23.11
474	9680	9924	9805	23.11
475	9702	9948	9829	23.11
476	9725	9971	9852	23.11
477	9748	9995	9875	23.11
478	9770	10019	9898	23.11
479	9793	10043	9921	23.11
480	9816	10066	9944	23.11
481	9839	10089	9967	23.11
482	9862	10113	9990	23.11
483	9885	10136	10013	23.11
484	9907	10159	10037	23.11
485	9930	10183	10060	23.11
486	9953	10206	10083	23.11
487	9976	10230	10106	23.11
488	9998	10254	10129	23.11
489	10020	10277	10152	23.11
490	10043	10300	10175	23.11
491	10066	10324	10198	23.11
492	10089	10346	10221	23.11
493	10111	10369	10245	23.11
494	10133	10394	10268	23.11
495	10155	10417	10291	23.11
496	10177	10441	10314	23.11
497	10199	10463	10337	23.11
498	10221	10487	10360	23.11
499	10243	10510	10383	23.11
500	10265	10533	10406	23.11
501	10288	10557	10429	23.11
502	10311	10580	10452	23.11
503	10333	10604	10476	23.11
504	10356	10627	10499	23.11
505	10379	10651	10522	23.11
506	10401	10674	10545	23.11
507	10423	10698	10568	23.11
508	10445	10721	10591	23.11
509	10467	10745	10614	23.11
510	10489	10768	10637	23.11
511	10511	10791	10660	23.11
512	10534	10814	10684	23.11
513	10557	10837	10707	23.11
514	10580	10861	10730	23.11
515	10602	10884	10753	23.11
516	10624	10908	10776	23.11
517	10646	10931	10799	23.11
518	10668	10955	10822	23.11
519	10690	10978	10845	23.11
520	10712	11001	10868	23.11
521	10734	11024	10892	23.11
522	10756	11048	10915	23.11
523	10778	11072	10938	23.11
524	10801	11095	10961	23.11
525	10823	11118	10984	23.11
526	10845	11141	11007	23.11
527	10868	11165	11030	23.11
528	10890	11188	11053	23.11
529	10912	11211	11076	23.11
530	10934	11234	11100	23.11
531	10957	11258	11123	23.11
532	10979	11281	11146	23.11
533	11001	11304	11169	23.11
534	11023	11327	11192	23.11
535	11045	11351	11215	23.11
536	11067	11375	11238	23.11
537	11089	11398	11261	23.11
538	11110	11422	11284	23.11
539	11132	11446	11308	23.11
540	11154	11470	11331	23.11
541	11176	11493	11354	23.11
542	11198	11516	11377	23.11
543	11220	11540	11400	23.11
544	11242	11565	11423	23.11
545	11264	11588	11446	23.11
546	11286	11612	11469	23.11
547	11308	11636	11492	23.11
548	11330	11660	11516	23.11
549	11353	11683	11539	23.11
550	11375	11706	11562	23.11
551	11398	11730	11585	23.11
552	11420	11754	11608	23.11
553	11442	11778	11631	23.11
554	11465	11802	11654	23.11
555	11487	11825	11677	23.11
556	11510	11849	11700	23.11
557	11532	11872	11724	23.11
558	11554	11895	11747	23.11
559	11576	11918	11770	23.11
560	11599	11941	11793	23.11
561	11621	11965	11816	23.11
562	11643	11988	11839	23.11
563	11665	12011	11862	23.11
564	11687	12035	11885	23.11
565	11709	12058	11908	23.11
566	11731	12081	11932	23.11
567	11753	12105	11955	23.11
568	11775	12128	11978	23.11
569	11797	12153	12001	23.11
570	11819	12177	12024	23.11
571	11841	12201	12047	23.11
572	11863	12225	12070	23.11
573	11885	12250	12093	23.11
574	11908	12274	12116	23.11
575	11930	12298	12140	23.11
576	11953	12321	12163	23.11
577	11975	12344	12186	23.11
578	11998	12368	12209	23.11
579	12020	12391	12232	23.11
580	12043	12415	12255	23.11
581	12065	12439	12278	23.11
582	12088	12464	12301	23.11
583	12110	12488	12324	23.11
584	12133	12513	12348	23.11
585	12156	12537	12371	23.11
586	12178	12562	12394	23.11
587	12200	12586	12417	23.11
588	12222	12609	12440	23.11
589	12244	12632	12463	23.11
590	12266	12655	12486	23.11
591	12289	12679	12509	23.11
592	12311	12703	12532	23.11
593	12333	12727	12556	23.11
594	12355	12751	12579	23.11
595	12377	12775	12602	23.11
596	12399	12799	12625	23.11
597	12421	12823	12648	23.11
598	12443	12847	12671	23.11
599	12465	12871	12694	23.11
600	12487	12895	12717	23.11
601	12510	12919	12740	23.11
602	12532	12944	12764	23.11
603	12554	12968	12787	23.11
604	12576	12992	12810	23.11
605	12598	13015	12833	23.11
606	12620	13039	12856	23.11
607	12642	13062	12879	23.11
608	12664	13085	12902	23.11
609	12686	13108	12925	23.11
610	12708	13131	12948	23.11
611	12730	13156	12972	23.11
612	12752	13180	12995	23.11
613	12774	13204	13018	23.11
614	12796	13229	13041	23.11
615	12818	13253	13064	23.11
616	12841	13277	13087	23.11
617	12863	13301	13110	23.11
618	12885	13326	13133	23.11
619	12907	13350	13156	23.11
620	12929	13374	13180	23.11
621	12951	13398	13203	23.11
622	12974	13423	13226	23.11
623	12996	13447	13249	23.11
624	13018	13470	13272	23.11
625	13040	13493	13295	23.11
626	13062	13517	13318	23.11
627	13084	13542	13341	23.11
628	13106	13567	13364	23.11
629	13128	13591	13388	23.11
630	13150	13616	13411	23.11
631	13172	13641	13434	23.11
632	13194	13665	13457	23.11
633	13217	13689	13480	23.11
634	13239	13713	13503	23.11
635	13261	13737	13526	NA
