depth	min95%	max95%	best	accrate
21	-7	440	248	14.82
22	10	454	263	14.8
23	19	469	277	14.78
24	30	485	292	14.76
25	37	505	307	14.75
26	47	526	322	14.73
27	56	547	336	14.71
28	66	573	351	14.7
29	76	600	366	14.68
30	86	622	381	14.67
31	96	647	395	14.65
32	106	671	410	14.64
33	115	698	424	14.63
34	125	723	439	14.61
35	130	746	454	14.6
36	136	768	468	14.59
37	146	790	483	14.58
38	157	817	497	14.57
39	167	839	512	14.56
40	178	864	527	14.55
41	189	890	541	14.54
42	200	915	556	14.53
43	211	938	570	14.52
44	222	961	585	14.52
45	232	986	599	14.51
46	244	1010	614	14.5
47	255	1034	628	14.5
48	267	1054	643	14.49
49	278	1074	657	14.49
50	288	1093	672	14.48
51	298	1112	686	14.48
52	308	1131	701	14.47
53	321	1150	715	14.47
54	334	1168	730	14.47
55	347	1189	744	14.47
56	360	1211	759	14.47
57	373	1234	773	14.47
58	386	1256	788	14.47
59	399	1278	802	14.47
60	411	1299	816	14.47
61	423	1320	831	14.47
62	436	1341	845	14.47
63	449	1359	860	14.47
64	462	1377	874	14.47
65	475	1394	889	14.48
66	488	1411	903	14.48
67	503	1427	918	14.49
68	518	1443	932	14.49
69	534	1459	947	14.5
70	549	1475	961	14.5
71	565	1490	976	14.51
72	581	1505	990	14.52
73	598	1519	1005	14.52
74	614	1533	1019	14.53
75	630	1546	1034	14.54
76	647	1559	1048	14.55
77	663	1573	1063	14.56
78	678	1585	1077	14.57
79	695	1598	1092	14.58
80	712	1610	1107	14.59
81	730	1622	1121	14.6
82	745	1633	1136	14.62
83	761	1645	1150	14.63
84	776	1656	1165	14.64
85	792	1666	1180	14.66
86	809	1680	1194	14.67
87	826	1694	1209	14.69
88	843	1708	1224	14.7
89	860	1722	1238	14.72
90	878	1735	1253	14.73
91	896	1748	1268	14.75
92	914	1761	1283	14.77
93	932	1774	1297	14.79
94	949	1787	1312	14.8
95	967	1799	1327	14.82
96	985	1811	1342	14.84
97	1004	1823	1357	14.86
98	1023	1833	1371	14.88
99	1041	1842	1386	14.9
100	1062	1851	1401	14.93
101	1082	1859	1416	14.95
102	1102	1868	1431	14.97
103	1120	1877	1446	14.99
104	1138	1885	1461	15.02
105	1157	1893	1476	15.04
106	1176	1901	1491	15.07
107	1194	1909	1506	15.09
108	1213	1917	1521	15.12
109	1234	1924	1536	15.14
110	1255	1932	1552	15.17
111	1275	1942	1567	15.2
112	1297	1953	1582	15.23
113	1318	1964	1597	15.25
114	1340	1975	1612	15.28
115	1361	1986	1628	15.31
116	1383	1997	1643	15.34
117	1404	2008	1658	15.37
118	1425	2016	1674	15.4
119	1445	2023	1689	15.43
120	1466	2030	1705	15.47
121	1487	2037	1720	15.5
122	1508	2044	1736	15.53
123	1529	2053	1751	15.57
124	1550	2065	1767	15.6
125	1573	2078	1782	15.63
126	1594	2090	1798	15.67
127	1614	2103	1814	15.71
128	1633	2115	1829	15.74
129	1655	2127	1845	15.78
130	1677	2139	1861	15.81
131	1697	2151	1877	15.85
132	1717	2160	1892	15.89
133	1739	2168	1908	15.93
134	1761	2177	1924	15.97
135	1781	2185	1940	16.01
136	1800	2201	1956	16.05
137	1818	2218	1972	16.09
138	1837	2232	1988	16.13
139	1857	2239	2005	16.17
140	1877	2247	2021	16.22
141	1896	2254	2037	16.26
142	1916	2261	2053	16.3
143	1935	2268	2069	16.35
144	1956	2275	2086	16.41
145	1975	2282	2102	16.47
146	1994	2288	2119	16.54
147	2016	2297	2135	16.61
148	2035	2304	2152	16.68
149	2052	2309	2169	16.76
150	2070	2327	2185	16.85
151	2087	2347	2202	16.94
152	2105	2368	2219	17.03
153	2124	2387	2236	17.13
154	2143	2407	2253	17.24
155	2162	2427	2270	17.35
156	2179	2450	2288	17.46
157	2196	2471	2305	17.58
158	2212	2494	2323	17.7
159	2229	2515	2341	17.83
160	2248	2536	2358	17.97
161	2265	2557	2376	18.11
162	2280	2578	2394	18.25
163	2296	2601	2413	18.4
164	2312	2623	2431	18.55
165	2328	2645	2450	18.71
166	2345	2663	2468	18.88
167	2360	2686	2487	19.04
168	2376	2710	2506	19.2
169	2391	2733	2526	19.36
170	2407	2753	2545	19.52
171	2422	2774	2564	19.67
172	2438	2797	2584	19.82
173	2454	2819	2604	19.96
174	2470	2843	2624	20.11
175	2483	2866	2644	20.25
176	2499	2890	2664	20.38
177	2517	2913	2685	20.52
178	2535	2936	2705	20.65
179	2554	2959	2726	20.77
180	2573	2980	2747	20.9
181	2590	2999	2767	21.02
182	2609	3022	2788	21.13
183	2628	3046	2810	21.25
184	2646	3068	2831	21.36
185	2664	3089	2852	21.47
186	2681	3113	2874	21.57
187	2700	3138	2895	21.67
188	2721	3161	2917	21.77
189	2744	3182	2939	21.87
190	2764	3204	2961	21.96
191	2784	3225	2982	22.05
192	2804	3246	3005	22.13
193	2825	3268	3027	22.22
194	2845	3288	3049	22.3
195	2866	3309	3071	22.37
196	2888	3330	3094	22.44
197	2909	3351	3116	22.51
198	2931	3374	3139	22.58
199	2952	3396	3161	22.64
200	2974	3419	3184	22.71
201	2996	3443	3206	22.76
202	3020	3466	3229	22.82
203	3046	3489	3252	22.87
204	3067	3513	3275	22.91
205	3089	3536	3298	22.96
206	3113	3560	3321	23
207	3136	3583	3344	23.04
208	3160	3607	3367	23.07
209	3182	3630	3390	23.11
210	3204	3654	3413	23.13
211	3227	3677	3436	23.16
212	3250	3700	3459	23.18
213	3273	3724	3482	23.2
214	3300	3747	3506	23.22
215	3327	3771	3529	23.23
216	3353	3794	3552	23.24
217	3376	3817	3575	23.25
218	3398	3840	3599	23.25
219	3420	3863	3622	23.25
220	3443	3885	3645	23.25
221	3465	3909	3668	23.24
222	3486	3932	3692	23.23
223	3508	3955	3715	23.22
224	3531	3978	3738	23.2
225	3553	4000	3761	23.18
226	3577	4021	3784	23.16
227	3600	4043	3808	23.14
228	3624	4066	3831	23.11
229	3648	4089	3854	23.08
230	3674	4111	3877	23.04
231	3698	4133	3900	23.01
232	3722	4152	3923	22.96
233	3746	4174	3946	22.92
234	3770	4194	3969	22.87
235	3794	4217	3992	22.82
236	3816	4239	4015	22.77
237	3839	4260	4037	22.71
238	3862	4281	4060	22.65
239	3886	4303	4083	22.59
240	3909	4324	4105	22.52
241	3932	4344	4128	22.45
242	3957	4365	4150	22.38
243	3980	4385	4173	22.3
244	4002	4405	4195	22.23
245	4023	4424	4217	22.14
246	4045	4443	4239	22.06
247	4066	4462	4261	21.97
248	4088	4481	4283	21.88
249	4108	4501	4305	21.78
250	4128	4520	4327	21.68
251	4151	4538	4349	21.58
252	4173	4557	4370	21.48
253	4193	4578	4392	21.37
254	4214	4599	4413	21.26
255	4236	4619	4434	21.15
256	4258	4639	4455	21.03
257	4280	4659	4477	20.91
258	4302	4680	4497	20.79
259	4322	4701	4518	20.66
260	4344	4721	4539	20.53
261	4364	4740	4559	20.4
262	4385	4759	4580	20.26
263	4406	4776	4600	20.12
264	4428	4794	4620	19.98
265	4447	4813	4640	19.84
266	4467	4831	4660	19.7
267	4488	4850	4680	19.56
268	4509	4869	4699	19.44
269	4528	4887	4719	19.31
270	4548	4905	4738	19.2
271	4569	4923	4757	19.09
272	4590	4941	4776	18.98
273	4612	4958	4795	18.89
274	4632	4975	4814	18.79
275	4652	4994	4833	18.71
276	4671	5011	4852	18.63
277	4690	5029	4870	18.55
278	4710	5048	4889	18.48
279	4729	5066	4907	18.42
280	4748	5085	4926	18.36
281	4767	5103	4944	18.31
282	4788	5123	4962	18.27
283	4808	5142	4981	18.23
284	4828	5161	4999	18.2
285	4849	5179	5017	18.17
286	4868	5196	5035	18.15
287	4888	5214	5053	18.13
288	4906	5231	5072	18.12
289	4923	5248	5090	18.12
290	4943	5267	5108	18.12
291	4962	5286	5126	18.13
292	4982	5305	5144	18.14
293	5000	5324	5162	18.16
294	5018	5343	5180	18.19
295	5037	5361	5199	18.22
296	5056	5379	5217	18.26
297	5074	5398	5235	18.3
298	5091	5417	5253	18.35
299	5111	5435	5272	18.41
300	5131	5453	5290	18.47
301	5149	5472	5309	18.54
302	5168	5491	5327	18.61
303	5189	5509	5346	18.69
304	5209	5528	5364	18.78
305	5229	5546	5383	18.87
306	5248	5565	5402	18.96
307	5269	5584	5421	19.07
308	5289	5604	5440	19.18
309	5309	5624	5459	19.29
310	5330	5646	5479	19.41
311	5350	5667	5498	19.54
312	5371	5685	5518	19.67
313	5392	5704	5537	19.81
314	5412	5724	5557	19.95
315	5431	5743	5577	20.1
316	5452	5763	5597	20.26
317	5474	5785	5617	20.42
318	5496	5805	5638	20.59
319	5517	5826	5658	20.76
320	5540	5847	5679	20.94
321	5558	5870	5700	21.13
322	5577	5895	5721	21.32
323	5599	5920	5742	21.52
324	5622	5945	5764	21.72
325	5646	5970	5786	21.93
326	5668	5993	5808	22.15
327	5691	6017	5830	22.37
328	5715	6039	5852	22.59
329	5738	6060	5875	22.83
330	5762	6082	5898	23.07
331	5785	6103	5921	23.31
332	5810	6125	5944	23.56
333	5834	6147	5968	23.82
334	5857	6169	5991	24.08
335	5882	6192	6015	24.35
336	5907	6214	6040	24.62
337	5933	6237	6064	24.89
338	5960	6260	6089	25.15
339	5988	6283	6114	25.4
340	6014	6306	6140	25.65
341	6039	6329	6165	25.88
342	6063	6353	6191	26.11
343	6088	6379	6217	26.34
344	6114	6404	6244	26.55
345	6140	6429	6270	26.76
346	6166	6454	6297	26.96
347	6193	6480	6324	27.15
348	6220	6504	6351	27.34
349	6247	6531	6379	27.52
350	6275	6559	6406	27.69
351	6303	6588	6434	27.85
352	6331	6618	6462	28.01
353	6358	6644	6490	28.15
354	6385	6672	6518	28.3
355	6412	6701	6546	28.43
356	6441	6729	6574	28.56
357	6470	6754	6603	28.67
358	6498	6780	6632	28.79
359	6526	6809	6660	28.89
360	6554	6838	6689	28.99
361	6584	6867	6718	29.08
362	6615	6896	6747	29.16
363	6647	6921	6777	29.23
364	6675	6949	6806	29.3
365	6704	6977	6835	29.36
366	6734	7007	6865	29.41
367	6762	7038	6894	29.46
368	6791	7066	6923	29.49
369	6822	7097	6953	29.52
370	6852	7127	6982	29.55
371	6882	7158	7012	29.56
372	6910	7188	7041	29.57
373	6940	7219	7071	29.57
374	6970	7251	7101	29.56
375	6999	7282	7130	29.55
376	7028	7313	7160	29.53
377	7057	7344	7189	29.5
378	7088	7375	7219	29.46
379	7116	7405	7248	29.42
380	7144	7435	7278	29.37
381	7173	7465	7307	29.31
382	7202	7495	7336	29.24
383	7231	7525	7366	29.17
384	7261	7555	7395	29.09
385	7291	7585	7424	29
386	7321	7614	7453	28.9
387	7350	7643	7482	28.8
388	7378	7671	7511	28.69
389	7406	7699	7539	28.57
390	7433	7727	7568	28.45
391	7459	7755	7596	28.31
392	7486	7784	7625	28.17
393	7515	7814	7653	28.03
394	7541	7842	7681	27.87
395	7570	7870	7709	27.71
396	7597	7898	7736	27.54
397	7625	7925	7764	27.36
398	7652	7952	7791	27.19
399	7679	7980	7818	27.02
400	7704	8007	7845	26.85
401	7730	8035	7872	26.68
402	7755	8062	7899	26.52
403	7781	8090	7925	26.36
404	7809	8115	7952	26.2
405	7836	8142	7978	26.05
406	7863	8169	8004	25.89
407	7888	8196	8030	25.74
408	7913	8221	8056	25.6
409	7937	8246	8081	25.45
410	7961	8271	8107	25.31
411	7985	8295	8132	25.18
412	8008	8319	8157	25.04
413	8032	8342	8182	24.91
414	8056	8366	8207	24.78
415	8082	8391	8232	24.65
416	8107	8415	8257	24.53
417	8132	8440	8281	24.41
418	8157	8465	8306	24.29
419	8182	8489	8330	24.17
420	8205	8513	8354	24.06
421	8228	8536	8378	23.95
422	8252	8561	8402	23.84
423	8275	8585	8426	23.74
424	8297	8610	8450	23.63
425	8320	8633	8473	23.53
426	8342	8655	8497	23.44
427	8365	8678	8520	23.35
428	8390	8700	8544	23.25
429	8415	8726	8567	23.17
430	8440	8750	8590	23.08
431	8463	8776	8613	23
432	8485	8801	8636	22.92
433	8506	8825	8659	22.84
434	8528	8846	8682	22.77
435	8549	8867	8705	22.7
436	8574	8888	8727	22.63
437	8597	8908	8750	22.56
438	8619	8932	8772	22.5
439	8642	8956	8795	22.44
440	8665	8980	8817	22.38
441	8690	9002	8840	22.33
442	8714	9025	8862	22.28
443	8737	9047	8884	22.23
444	8760	9068	8907	22.18
445	8783	9088	8929	22.14
446	8807	9109	8951	22.1
447	8831	9132	8973	22.06
448	8854	9154	8995	22.03
449	8877	9175	9017	22
450	8900	9195	9039	21.97
451	8924	9216	9061	21.94
452	8948	9236	9083	21.92
453	8972	9255	9105	21.9
454	8997	9275	9127	21.88
455	9021	9295	9149	21.86
456	9045	9316	9171	21.85
457	9070	9337	9192	21.84
458	9095	9356	9214	21.83
459	9121	9375	9236	21.83
460	9147	9394	9258	21.83
461	9172	9413	9280	21.83
462	9199	9434	9302	21.83
463	9225	9453	9323	21.84
464	9250	9471	9345	21.85
465	9274	9489	9367	21.86
466	9301	9508	9389	21.88
467	9328	9526	9411	21.9
468	9353	9545	9433	21.92
469	9378	9565	9455	21.94
470	9402	9583	9477	21.97
471	9425	9602	9499	22
472	9448	9624	9521	22.03
473	9471	9648	9543	22.06
474	9494	9672	9565	22.1
475	9518	9695	9587	22.14
476	9543	9720	9609	22.19
477	9563	9744	9631	22.25
478	9578	9770	9653	22.3
479	9594	9796	9676	22.37
480	9608	9821	9698	22.44
481	9623	9846	9720	22.51
482	9636	9873	9743	22.59
483	9651	9900	9766	22.67
484	9661	9927	9788	22.76
485	9674	9956	9811	22.86
486	9687	9987	9834	22.96
487	9701	10014	9857	23.06
488	9715	10040	9880	23.17
489	9729	10067	9903	23.28
490	9742	10094	9926	23.4
491	9756	10127	9950	23.53
492	9770	10157	9973	23.66
493	9784	10183	9997	23.79
494	9799	10214	10021	23.93
495	9815	10245	10045	24.08
496	9831	10277	10069	24.23
497	9847	10308	10093	24.39
498	9864	10339	10117	24.55
499	9881	10368	10142	24.71
500	9898	10396	10167	24.88
501	9917	10426	10192	25.06
502	9936	10456	10217	25.24
503	9955	10487	10242	25.43
504	9975	10517	10267	25.62
505	9996	10548	10293	25.82
506	10018	10578	10319	26.02
507	10041	10608	10345	26.23
508	10064	10637	10371	26.44
509	10088	10666	10397	26.66
510	10114	10695	10424	26.88
511	10140	10723	10451	27.11
512	10166	10751	10478	27.34
513	10193	10778	10505	27.58
514	10219	10805	10533	27.82
515	10246	10832	10561	28.07
516	10275	10858	10589	28.32
517	10307	10883	10617	28.58
518	10340	10908	10646	28.84
519	10375	10932	10675	29.11
520	10409	10956	10704	29.38
521	10441	10977	10733	29.66
522	10478	10998	10763	29.95
523	10517	11017	10793	30.24
524	10557	11036	10823	30.53
525	10595	11056	10853	30.83
526	10626	11076	10884	31.14
527	10659	11095	10915	31.44
528	10693	11111	10947	31.76
529	10722	11129	10979	32.08
530	10752	11144	11011	32.4
531	10783	11159	11043	32.73
532	10815	11173	11076	33.07
533	10851	11188	11109	33.41
534	10881	11205	11142	33.76
535	10930	11231	11176	34.1
536	10994	11271	11210	34.39
537	11060	11321	11245	34.63
538	11131	11377	11279	34.81
539	11177	11439	11314	34.94
540	11195	11502	11349	35.01
541	11210	11565	11384	35.03
542	11221	11626	11419	34.99
543	11228	11687	11454	34.9
544	11233	11748	11489	34.75
545	11242	11807	11524	34.54
546	11255	11866	11558	34.28
547	11265	11923	11592	33.96
548	11276	11978	11626	33.58
549	11290	12032	11660	33.15
550	11308	12082	11693	32.68
551	11327	12130	11726	32.22
552	11349	12175	11758	31.78
553	11374	12218	11790	31.36
554	11397	12258	11821	30.96
555	11422	12295	11852	30.58
556	11448	12330	11883	30.22
557	11475	12362	11913	29.89
558	11504	12391	11943	29.57
559	11534	12421	11972	29.28
560	11567	12446	12002	29.01
561	11600	12470	12031	28.76
562	11635	12492	12059	28.54
563	11672	12512	12088	28.33
564	11709	12530	12116	28.15
565	11748	12546	12144	27.99
566	11789	12560	12172	27.85
567	11830	12574	12200	27.73
568	11874	12587	12228	27.63
569	11920	12598	12256	27.55
570	11964	12608	12283	27.5
571	12009	12616	12311	27.47
572	12055	12626	12338	27.45
573	12098	12634	12366	27.46
574	12147	12640	12393	27.5
575	12195	12648	12421	27.55
576	12241	12655	12448	27.62
577	12288	12662	12476	27.72
578	12336	12668	12503	27.84
579	12383	12674	12531	27.98
580	12429	12678	12559	28.14
581	12470	12684	12587	28.32
582	12511	12693	12616	28.53
583	12549	12706	12644	28.75
584	12587	12725	12673	29
585	12613	12770	12702	29.26
586	12628	12818	12731	29.54
587	12635	12870	12761	29.84
588	12649	12922	12791	30.15
589	12660	12973	12821	30.48
590	12668	13028	12851	30.83
591	12676	13082	12882	31.19
592	12683	13134	12913	31.57
593	12693	13185	12945	31.96
594	12703	13236	12977	32.37
595	12713	13289	13009	32.8
596	12724	13342	13042	33.25
597	12737	13395	13075	33.71
598	12753	13447	13109	34.18
599	12769	13498	13143	34.68
600	12787	13549	13178	35.19
601	12806	13600	13213	35.71
602	12826	13653	13249	36.26
603	12848	13708	13285	36.82
604	12871	13762	13322	37.39
605	12897	13813	13359	37.98
606	12922	13862	13397	38.59
607	12947	13911	13436	39.22
608	12974	13962	13475	39.86
609	13004	14013	13515	40.52
610	13031	14064	13555	41.19
611	13063	14114	13597	41.88
612	13094	14163	13638	42.59
613	13131	14209	13681	43.31
614	13169	14255	13724	44.05
615	13211	14299	13768	44.81
616	13255	14350	13813	45.58
617	13301	14407	13859	46.37
618	13350	14450	13905	47.18
619	13400	14490	13952	48
620	13454	14533	14000	48.84
621	13511	14578	14049	49.7
622	13562	14623	14099	50.57
623	13614	14661	14149	51.46
624	13665	14704	14201	52.36
625	13714	14746	14253	53.28
626	13777	14789	14307	54.22
627	13832	14831	14361	55.17
628	13893	14869	14416	56.14
629	13966	14907	14472	57.13
630	14023	14953	14529	58.13
631	14074	15009	14587	59.15
632	14131	15059	14647	60.19
633	14189	15108	14707	61.24
634	14220	15178	14768	62.31
635	14256	15262	14830	NA
