depth	min95%	max95%	best	accrate
21	-208	364	160	15.03
22	-188	376	175	15.05
23	-168	389	190	15.07
24	-148	402	205	15.1
25	-128	415	220	15.12
26	-108	427	235	15.14
27	-88	440	251	15.16
28	-68	452	266	15.18
29	-49	465	281	15.21
30	-29	478	296	15.23
31	-9	491	311	15.25
32	11	504	327	15.27
33	29	517	342	15.3
34	48	530	357	15.32
35	66	543	372	15.34
36	84	557	388	15.36
37	103	570	403	15.38
38	121	584	419	15.41
39	140	598	434	15.43
40	158	612	449	15.45
41	177	626	465	15.47
42	195	639	480	15.5
43	213	653	496	15.52
44	232	667	511	15.54
45	250	682	527	15.56
46	269	696	542	15.59
47	287	710	558	15.61
48	306	725	574	15.63
49	324	739	589	15.66
50	343	753	605	15.68
51	361	768	621	15.7
52	380	782	636	15.72
53	398	797	652	15.75
54	417	812	668	15.77
55	435	827	684	15.79
56	454	841	699	15.81
57	472	855	715	15.84
58	491	870	731	15.86
59	510	885	747	15.88
60	528	901	763	15.91
61	546	917	779	15.93
62	563	933	795	15.95
63	582	948	811	15.97
64	602	965	826	16
65	621	981	842	16.02
66	639	997	859	16.04
67	658	1011	875	16.07
68	676	1026	891	16.09
69	695	1041	907	16.11
70	713	1056	923	16.14
71	732	1072	939	16.16
72	750	1088	955	16.18
73	769	1103	971	16.21
74	788	1119	988	16.23
75	805	1134	1004	16.25
76	822	1149	1020	16.28
77	841	1165	1036	16.3
78	861	1180	1053	16.32
79	881	1197	1069	16.34
80	899	1213	1085	16.37
81	918	1229	1102	16.39
82	937	1245	1118	16.41
83	955	1262	1134	16.44
84	974	1277	1151	16.46
85	992	1294	1167	16.48
86	1011	1310	1184	16.51
87	1029	1327	1200	16.53
88	1048	1343	1217	16.56
89	1067	1360	1233	16.58
90	1085	1376	1250	16.6
91	1104	1392	1267	16.63
92	1123	1408	1283	16.65
93	1140	1425	1300	16.67
94	1160	1442	1317	16.7
95	1179	1458	1333	16.72
96	1198	1475	1350	16.74
97	1216	1491	1367	16.77
98	1235	1507	1383	16.79
99	1254	1524	1400	16.81
100	1273	1542	1417	16.84
101	1292	1559	1434	16.86
102	1310	1576	1451	16.89
103	1329	1593	1468	16.91
104	1347	1610	1485	16.93
105	1367	1627	1501	16.96
106	1387	1644	1518	16.98
107	1407	1661	1535	17
108	1426	1679	1552	17.03
109	1445	1696	1569	17.05
110	1464	1713	1586	17.08
111	1482	1730	1604	17.1
112	1500	1748	1621	17.12
113	1519	1764	1638	17.15
114	1536	1782	1655	17.17
115	1553	1798	1672	17.2
116	1571	1815	1689	17.22
117	1589	1832	1707	17.24
118	1607	1850	1724	17.27
119	1625	1867	1741	17.29
120	1644	1884	1758	17.32
121	1661	1902	1776	17.34
122	1679	1921	1793	17.37
123	1696	1939	1810	17.39
124	1713	1956	1828	17.41
125	1731	1974	1845	17.44
126	1748	1992	1863	17.46
127	1767	2010	1880	17.49
128	1786	2028	1898	17.51
129	1804	2046	1915	17.53
130	1822	2064	1933	17.56
131	1840	2081	1950	17.58
132	1859	2099	1968	17.61
133	1877	2117	1985	17.63
134	1895	2134	2003	17.66
135	1914	2152	2021	17.68
136	1933	2170	2038	17.71
137	1951	2187	2056	17.73
138	1969	2205	2074	17.75
139	1987	2223	2092	17.78
140	2004	2241	2109	17.8
141	2021	2259	2127	17.83
142	2039	2278	2145	17.85
143	2056	2295	2163	17.88
144	2074	2313	2181	17.9
145	2093	2330	2199	17.93
146	2112	2348	2216	17.95
147	2130	2366	2234	17.98
148	2148	2384	2252	18
149	2166	2401	2270	18.03
150	2185	2419	2288	18.05
151	2203	2436	2306	18.07
152	2222	2454	2325	18.1
153	2241	2472	2343	18.12
154	2259	2490	2361	18.15
155	2277	2508	2379	18.17
156	2295	2526	2397	18.2
157	2313	2544	2415	18.22
158	2332	2562	2434	18.25
159	2350	2581	2452	18.27
160	2369	2599	2470	18.3
161	2387	2617	2488	18.32
162	2405	2635	2507	18.35
163	2424	2653	2525	18.37
164	2442	2671	2543	18.4
165	2461	2689	2562	18.42
166	2479	2708	2580	18.45
167	2498	2726	2599	18.47
168	2516	2744	2617	18.5
169	2534	2762	2636	18.52
170	2552	2781	2654	18.55
171	2571	2799	2673	18.57
172	2589	2817	2691	18.6
173	2608	2836	2710	18.62
174	2626	2854	2729	18.65
175	2644	2872	2747	18.68
176	2663	2890	2766	18.7
177	2682	2909	2785	18.73
178	2700	2927	2803	18.75
179	2719	2945	2822	18.78
180	2738	2964	2841	18.8
181	2756	2982	2860	18.83
182	2775	3000	2878	18.85
183	2794	3019	2897	18.88
184	2813	3037	2916	18.9
185	2832	3056	2935	18.93
186	2852	3075	2954	18.95
187	2871	3094	2973	18.98
188	2890	3113	2992	19.01
189	2909	3133	3011	19.03
190	2928	3152	3030	19.06
191	2947	3171	3049	19.08
192	2966	3190	3068	19.11
193	2986	3209	3087	19.13
194	3005	3228	3106	19.16
195	3024	3247	3125	19.18
196	3044	3266	3145	19.21
197	3063	3285	3164	19.24
198	3082	3304	3183	19.26
199	3101	3323	3202	19.29
200	3120	3343	3222	19.31
201	3140	3362	3241	19.34
202	3159	3382	3260	19.36
203	3178	3401	3280	19.39
204	3198	3421	3299	19.42
205	3218	3440	3319	19.44
206	3238	3459	3338	19.47
207	3257	3478	3357	19.49
208	3277	3497	3377	19.52
209	3296	3516	3396	19.55
210	3316	3535	3416	19.57
211	3336	3555	3436	19.6
212	3356	3574	3455	19.62
213	3376	3593	3475	19.65
214	3396	3612	3494	19.68
215	3415	3632	3514	19.7
216	3434	3651	3534	19.73
217	3454	3672	3554	19.75
218	3474	3692	3573	19.78
219	3494	3712	3593	19.81
220	3514	3731	3613	19.83
221	3534	3751	3633	19.86
222	3554	3772	3653	19.89
223	3574	3792	3672	19.91
224	3594	3812	3692	19.94
225	3614	3832	3712	19.96
226	3635	3852	3732	19.99
227	3655	3871	3752	20.02
228	3675	3891	3772	20.04
229	3695	3911	3792	20.07
230	3715	3931	3812	20.1
231	3735	3951	3832	20.12
232	3756	3971	3853	20.15
233	3776	3991	3873	20.17
234	3797	4010	3893	20.2
235	3817	4030	3913	20.23
236	3838	4050	3933	20.25
237	3858	4069	3954	20.28
238	3879	4089	3974	20.31
239	3899	4108	3994	20.33
240	3920	4129	4015	20.36
241	3941	4149	4035	20.39
242	3961	4169	4055	20.41
243	3982	4189	4076	20.44
244	4003	4210	4096	20.47
245	4023	4230	4117	20.49
246	4044	4250	4137	20.52
247	4065	4270	4158	20.55
248	4086	4290	4178	20.57
249	4107	4311	4199	20.6
250	4127	4331	4219	20.63
251	4148	4351	4240	20.65
252	4168	4372	4261	20.68
253	4189	4392	4281	20.71
254	4209	4413	4302	20.74
255	4230	4434	4323	20.76
256	4250	4454	4343	20.79
257	4271	4474	4364	20.82
258	4292	4495	4385	20.84
259	4312	4515	4406	20.87
260	4333	4536	4427	20.9
261	4354	4556	4448	20.92
262	4374	4577	4469	20.95
263	4395	4598	4490	20.98
264	4416	4618	4511	21
265	4437	4639	4532	21.03
266	4457	4659	4553	21.06
267	4478	4680	4574	21.09
268	4500	4700	4595	21.11
269	4521	4721	4616	21.14
270	4542	4742	4637	21.17
271	4564	4763	4658	21.2
272	4585	4783	4679	21.22
273	4607	4804	4701	21.25
274	4628	4825	4722	21.28
275	4649	4846	4743	21.3
276	4671	4867	4764	21.33
277	4693	4888	4786	21.36
278	4715	4909	4807	21.39
279	4736	4930	4828	21.41
280	4758	4952	4850	21.44
281	4780	4974	4871	21.47
282	4802	4995	4893	21.5
283	4823	5017	4914	21.52
284	4845	5039	4936	21.55
285	4867	5060	4957	21.58
286	4888	5081	4979	21.61
287	4910	5103	5001	21.63
288	4932	5124	5022	21.66
289	4954	5145	5044	21.69
290	4976	5167	5066	21.72
291	4997	5188	5087	21.74
292	5020	5210	5109	21.77
293	5042	5231	5131	21.8
294	5064	5253	5153	21.83
295	5086	5274	5174	21.85
296	5108	5296	5196	21.88
297	5130	5317	5218	21.91
298	5152	5339	5240	21.94
299	5174	5361	5262	21.97
300	5196	5382	5284	21.99
301	5218	5404	5306	22.02
302	5240	5426	5328	22.05
303	5263	5447	5350	22.08
304	5284	5469	5372	22.1
305	5305	5490	5394	22.13
306	5327	5511	5416	22.16
307	5350	5533	5438	22.19
308	5372	5555	5461	22.22
309	5394	5577	5483	22.24
310	5417	5599	5505	22.27
311	5440	5621	5527	22.3
312	5462	5643	5550	22.33
313	5484	5666	5572	22.36
314	5507	5688	5594	22.39
315	5529	5710	5617	22.41
316	5553	5732	5639	22.44
317	5576	5755	5662	22.47
318	5599	5777	5684	22.5
319	5621	5801	5707	22.53
320	5644	5823	5729	22.55
321	5666	5846	5752	22.58
322	5688	5868	5774	22.61
323	5710	5890	5797	22.64
324	5733	5913	5820	22.67
325	5755	5935	5842	22.7
326	5778	5958	5865	22.72
327	5800	5980	5888	22.75
328	5823	6002	5910	22.78
329	5846	6025	5933	22.81
330	5869	6047	5956	22.84
331	5892	6070	5979	22.87
332	5915	6092	6002	22.89
333	5938	6115	6025	22.92
334	5961	6138	6047	22.95
335	5984	6161	6070	22.98
336	6007	6183	6093	23.01
337	6031	6206	6116	23.04
338	6054	6229	6139	23.07
339	6077	6252	6163	23.09
340	6100	6275	6186	23.12
341	6123	6299	6209	23.15
342	6146	6322	6232	23.18
343	6169	6344	6255	23.21
344	6192	6367	6278	23.24
345	6215	6390	6302	23.27
346	6238	6412	6325	23.3
347	6261	6435	6348	23.32
348	6285	6458	6371	23.35
349	6308	6482	6395	23.38
350	6331	6505	6418	23.41
351	6355	6529	6442	23.44
352	6378	6553	6465	23.47
353	6402	6577	6488	23.5
354	6426	6600	6512	23.53
355	6450	6624	6535	23.56
356	6474	6647	6559	23.58
357	6498	6670	6583	23.61
358	6522	6695	6606	23.64
359	6545	6718	6630	23.67
360	6568	6741	6654	23.7
361	6592	6764	6677	23.73
362	6615	6786	6701	23.76
363	6639	6810	6725	23.79
364	6662	6832	6749	23.82
365	6686	6856	6772	23.85
366	6709	6881	6796	23.88
367	6733	6905	6820	23.9
368	6756	6929	6844	23.93
369	6780	6953	6868	23.96
370	6804	6978	6892	23.99
371	6828	7001	6916	24.02
372	6852	7026	6940	24.05
373	6876	7051	6964	24.08
374	6900	7076	6988	24.11
375	6924	7101	7012	24.14
376	6948	7125	7036	24.17
377	6973	7149	7060	24.2
378	6997	7174	7085	24.23
379	7021	7198	7109	24.26
380	7045	7222	7133	24.29
381	7069	7246	7157	24.32
382	7093	7270	7182	24.34
383	7117	7294	7206	24.37
384	7141	7318	7230	24.4
385	7166	7341	7255	24.43
386	7190	7366	7279	24.46
387	7214	7390	7304	24.49
388	7239	7415	7328	24.52
389	7263	7441	7353	24.55
390	7287	7466	7377	24.58
391	7312	7490	7402	24.61
392	7336	7514	7426	24.64
393	7361	7538	7451	24.67
394	7385	7562	7476	24.7
395	7410	7586	7500	24.73
396	7434	7611	7525	24.76
397	7459	7635	7550	24.79
398	7484	7660	7575	24.82
399	7509	7685	7600	24.85
400	7534	7710	7624	24.88
401	7559	7735	7649	24.91
402	7585	7761	7674	24.94
403	7610	7786	7699	24.97
404	7636	7811	7724	25
405	7661	7837	7749	25.03
406	7687	7862	7774	25.06
407	7712	7887	7799	25.09
408	7738	7913	7824	25.12
409	7763	7938	7849	25.15
410	7789	7964	7875	25.18
411	7814	7989	7900	25.21
412	7840	8014	7925	25.24
413	7865	8039	7950	25.27
414	7891	8064	7975	25.3
415	7917	8090	8001	25.33
416	7942	8116	8026	25.36
417	7968	8141	8051	25.39
418	7993	8166	8077	25.42
419	8019	8191	8102	25.45
420	8045	8216	8128	25.48
421	8071	8241	8153	25.51
422	8096	8267	8179	25.54
423	8122	8292	8204	25.57
424	8148	8317	8230	25.6
425	8174	8342	8255	25.63
426	8200	8367	8281	25.66
427	8226	8393	8307	25.69
428	8252	8418	8332	25.72
429	8278	8444	8358	25.75
430	8304	8469	8384	25.79
431	8330	8495	8410	25.82
432	8356	8521	8436	25.85
433	8382	8546	8461	25.88
434	8408	8572	8487	25.91
435	8434	8598	8513	25.94
436	8460	8624	8539	25.97
437	8486	8649	8565	26
438	8512	8675	8591	26.03
439	8538	8701	8617	26.06
440	8564	8727	8643	26.09
441	8591	8753	8669	26.12
442	8617	8779	8695	26.15
443	8643	8806	8721	26.18
444	8670	8832	8748	26.21
445	8696	8858	8774	26.24
446	8723	8884	8800	26.28
447	8749	8911	8826	26.31
448	8776	8937	8853	26.34
449	8802	8963	8879	26.37
450	8829	8989	8905	26.4
451	8855	9015	8932	26.43
452	8882	9041	8958	26.46
453	8908	9067	8985	26.49
454	8935	9094	9011	26.52
455	8962	9120	9038	26.55
456	8989	9147	9064	26.59
457	9015	9174	9091	26.62
458	9042	9201	9117	26.65
459	9069	9227	9144	26.68
460	9096	9254	9171	26.71
461	9123	9281	9198	26.74
462	9150	9308	9224	26.77
463	9177	9335	9251	26.8
464	9204	9362	9278	26.83
465	9232	9389	9305	26.87
466	9260	9415	9332	26.9
467	9287	9441	9358	26.93
468	9315	9468	9385	26.96
469	9342	9494	9412	26.99
470	9369	9521	9439	27.02
471	9395	9547	9466	27.05
472	9423	9574	9493	27.08
473	9451	9600	9520	27.12
474	9478	9627	9548	27.15
475	9505	9653	9575	27.18
476	9532	9681	9602	27.21
477	9559	9708	9629	27.24
478	9586	9735	9656	27.27
479	9613	9762	9684	27.3
480	9640	9789	9711	27.34
481	9668	9815	9738	27.37
482	9696	9842	9766	27.4
483	9724	9869	9793	27.43
484	9752	9897	9820	27.46
485	9779	9924	9848	27.49
486	9807	9951	9875	27.53
487	9835	9979	9903	27.56
488	9864	10005	9931	27.59
489	9892	10032	9958	27.62
490	9920	10060	9986	27.65
491	9948	10087	10013	27.68
492	9976	10114	10041	27.72
493	10005	10141	10069	27.75
494	10033	10167	10097	27.78
495	10061	10195	10124	27.81
496	10090	10222	10152	27.84
497	10118	10250	10180	27.87
498	10147	10277	10208	27.91
499	10175	10305	10236	27.94
500	10204	10332	10264	27.97
501	10233	10361	10292	28
502	10261	10389	10320	28.03
503	10289	10416	10348	28.07
504	10317	10444	10376	28.1
505	10347	10471	10404	28.13
506	10375	10499	10432	28.16
507	10404	10527	10460	28.19
508	10433	10556	10488	28.23
509	10462	10583	10517	28.26
510	10491	10611	10545	28.29
511	10520	10639	10573	28.32
512	10549	10667	10601	28.36
513	10578	10695	10630	28.39
514	10607	10724	10658	28.42
515	10636	10752	10687	28.45
516	10664	10780	10715	28.48
517	10692	10809	10744	28.52
518	10721	10837	10772	28.55
519	10750	10866	10801	28.58
520	10780	10896	10829	28.61
521	10809	10923	10858	28.65
522	10838	10952	10886	28.68
523	10867	10980	10915	28.71
524	10896	11008	10944	28.74
525	10924	11036	10973	28.78
526	10954	11065	11001	28.81
527	10982	11093	11030	28.84
528	11011	11122	11059	28.87
529	11040	11151	11088	28.91
530	11069	11179	11117	28.94
531	11098	11209	11146	28.97
532	11127	11238	11175	29
533	11157	11267	11204	29.04
534	11186	11296	11233	29.07
535	11215	11325	11262	29.1
536	11244	11355	11291	29.13
537	11272	11386	11320	29.17
538	11300	11417	11349	29.2
539	11329	11446	11378	29.23
540	11358	11476	11408	29.26
541	11386	11506	11437	29.3
542	11415	11537	11466	29.33
543	11443	11567	11496	29.36
544	11473	11597	11525	29.4
545	11502	11628	11554	29.43
546	11531	11659	11584	29.46
547	11560	11690	11613	29.49
548	11588	11721	11643	29.53
549	11617	11752	11672	29.56
550	11647	11783	11702	29.59
551	11676	11814	11731	29.63
552	11705	11845	11761	29.66
553	11733	11875	11791	29.69
554	11762	11905	11820	29.73
555	11791	11936	11850	29.76
556	11819	11967	11880	29.79
557	11848	11999	11910	29.82
558	11877	12028	11939	29.86
559	11904	12057	11969	29.89
560	11932	12089	11999	29.92
561	11961	12121	12029	29.96
562	11989	12153	12059	29.99
563	12018	12184	12089	30.02
564	12047	12215	12119	30.06
565	12075	12247	12149	30.09
566	12104	12278	12179	30.12
567	12133	12309	12209	30.16
568	12161	12340	12239	30.19
569	12190	12371	12270	30.22
570	12218	12403	12300	30.26
571	12247	12434	12330	30.29
572	12275	12465	12360	30.32
573	12304	12497	12391	30.36
574	12332	12529	12421	30.39
575	12361	12561	12452	30.42
576	12389	12594	12482	30.46
577	12416	12626	12512	30.49
578	12444	12658	12543	30.52
579	12472	12689	12573	30.56
580	12501	12720	12604	30.59
581	12530	12752	12635	30.63
582	12560	12786	12665	30.66
583	12588	12817	12696	30.69
584	12617	12849	12727	30.73
585	12645	12880	12757	30.76
586	12674	12912	12788	30.79
587	12703	12945	12819	30.83
588	12731	12978	12850	30.86
589	12760	13012	12880	30.89
590	12789	13045	12911	30.93
591	12818	13079	12942	30.96
592	12847	13112	12973	31
593	12876	13146	13004	31.03
594	12905	13180	13035	31.06
595	12934	13213	13066	31.1
596	12962	13245	13097	31.13
597	12991	13278	13129	31.17
598	13020	13311	13160	31.2
599	13049	13345	13191	31.23
600	13078	13380	13222	31.27
601	13107	13415	13253	31.3
602	13137	13449	13285	31.34
603	13165	13483	13316	31.37
604	13194	13517	13347	31.4
605	13222	13550	13379	31.44
606	13251	13584	13410	31.47
607	13280	13618	13442	31.51
608	13309	13651	13473	31.54
609	13338	13685	13505	31.57
610	13366	13719	13536	31.61
611	13395	13753	13568	31.64
612	13424	13787	13600	31.68
613	13453	13821	13631	31.71
614	13482	13855	13663	31.75
615	13511	13889	13695	31.78
616	13540	13924	13727	31.81
617	13568	13958	13758	31.85
618	13597	13993	13790	31.88
619	13627	14026	13822	31.92
620	13656	14060	13854	31.95
621	13684	14094	13886	31.99
622	13713	14129	13918	32.02
623	13743	14164	13950	32.05
624	13772	14199	13982	32.09
625	13800	14234	14014	32.12
626	13829	14268	14046	32.16
627	13858	14303	14078	32.19
628	13887	14338	14111	32.23
629	13917	14373	14143	32.26
630	13946	14408	14175	32.3
631	13974	14443	14207	32.33
632	14003	14478	14240	32.37
633	14031	14513	14272	32.4
634	14059	14548	14304	32.43
635	14087	14583	14337	NA
