depth	min95%	max95%	best	accrate
21	-21	430	241	47.45
22	29	479	288	47.21
23	73	525	335	46.97
24	117	583	382	46.73
25	158	636	429	46.5
26	200	691	475	46.26
27	242	751	522	46.02
28	284	810	568	45.79
29	326	864	613	45.56
30	366	919	659	45.32
31	404	974	704	45.09
32	444	1032	749	44.86
33	482	1094	794	44.63
34	523	1154	839	44.4
35	560	1210	883	44.17
36	595	1271	928	43.94
37	629	1335	971	43.72
38	664	1391	1015	43.49
39	701	1448	1059	43.27
40	733	1507	1102	43.04
41	763	1563	1145	42.82
42	798	1623	1188	42.59
43	830	1682	1230	42.37
44	859	1744	1273	42.15
45	888	1802	1315	41.93
46	914	1861	1357	41.71
47	945	1920	1399	41.49
48	979	1981	1440	41.27
49	1010	2042	1481	41.05
50	1042	2097	1522	40.84
51	1075	2151	1563	40.62
52	1108	2204	1604	40.41
53	1142	2257	1644	40.19
54	1175	2310	1684	39.98
55	1207	2362	1724	39.77
56	1236	2414	1764	39.55
57	1266	2466	1804	39.34
58	1297	2518	1843	39.13
59	1327	2569	1882	38.92
60	1357	2620	1921	38.72
61	1388	2673	1960	38.51
62	1418	2725	1998	38.3
63	1448	2777	2037	38.09
64	1479	2829	2075	37.89
65	1509	2880	2113	37.68
66	1538	2931	2150	37.48
67	1567	2981	2188	37.28
68	1596	3030	2225	37.07
69	1624	3079	2262	36.87
70	1653	3128	2299	36.67
71	1681	3176	2336	36.47
72	1710	3224	2372	36.27
73	1739	3271	2408	36.07
74	1768	3318	2445	35.88
75	1798	3365	2480	35.68
76	1827	3411	2516	35.48
77	1856	3457	2552	35.29
78	1883	3503	2587	35.1
79	1910	3549	2622	34.9
80	1935	3594	2657	34.71
81	1961	3639	2692	34.52
82	1988	3683	2726	34.33
83	2015	3727	2760	34.14
84	2042	3771	2795	33.95
85	2068	3815	2828	33.76
86	2093	3859	2862	33.57
87	2117	3903	2896	33.38
88	2141	3948	2929	33.2
89	2165	3992	2962	33.01
90	2190	4036	2995	32.83
91	2216	4080	3028	32.64
92	2241	4123	3061	32.46
93	2266	4165	3093	32.28
94	2291	4206	3126	32.1
95	2316	4248	3158	31.92
96	2342	4290	3190	31.74
97	2368	4333	3221	31.56
98	2393	4374	3253	31.38
99	2418	4416	3284	31.2
100	2442	4458	3315	31.02
101	2467	4499	3347	30.85
102	2492	4539	3377	30.67
103	2517	4580	3408	30.5
104	2542	4620	3439	30.33
105	2566	4659	3469	30.15
106	2589	4698	3499	29.98
107	2612	4736	3529	29.81
108	2634	4774	3559	29.64
109	2656	4812	3588	29.47
110	2678	4849	3618	29.3
111	2700	4885	3647	29.13
112	2722	4921	3676	28.97
113	2744	4956	3705	28.8
114	2766	4992	3734	28.64
115	2788	5027	3763	28.47
116	2810	5062	3791	28.31
117	2832	5098	3820	28.14
118	2853	5135	3848	27.98
119	2875	5172	3876	27.82
120	2896	5208	3903	27.66
121	2918	5243	3931	27.5
122	2939	5279	3959	27.34
123	2961	5314	3986	27.18
124	2983	5349	4013	27.02
125	3004	5384	4040	26.87
126	3026	5418	4067	26.71
127	3047	5452	4094	26.56
128	3069	5486	4120	26.4
129	3090	5519	4147	26.25
130	3111	5553	4173	26.1
131	3133	5586	4199	25.95
132	3154	5618	4225	25.79
133	3175	5650	4251	25.64
134	3196	5682	4276	25.49
135	3217	5713	4302	25.35
136	3239	5743	4327	25.2
137	3261	5774	4352	25.05
138	3282	5804	4378	24.91
139	3303	5834	4402	24.76
140	3325	5863	4427	24.62
141	3346	5892	4452	24.47
142	3367	5921	4476	24.33
143	3388	5950	4501	24.19
144	3410	5978	4525	24.04
145	3431	6005	4549	23.9
146	3452	6033	4573	23.76
147	3473	6060	4597	23.63
148	3494	6087	4620	23.49
149	3515	6113	4644	23.35
150	3536	6140	4667	23.21
151	3557	6166	4690	23.08
152	3578	6191	4713	22.94
153	3598	6217	4736	22.81
154	3618	6242	4759	22.67
155	3637	6267	4782	22.54
156	3657	6292	4804	22.41
157	3677	6317	4827	22.28
158	3696	6341	4849	22.15
159	3716	6365	4871	22.02
160	3735	6389	4893	21.89
161	3754	6413	4915	21.76
162	3774	6437	4937	21.64
163	3793	6460	4958	21.51
164	3813	6483	4980	21.38
165	3833	6506	5001	21.26
166	3852	6529	5023	21.14
167	3872	6551	5044	21.01
168	3891	6573	5065	20.89
169	3911	6595	5086	20.77
170	3930	6617	5106	20.65
171	3949	6639	5127	20.53
172	3968	6660	5148	20.41
173	3988	6682	5168	20.29
174	4007	6703	5188	20.18
175	4026	6724	5208	20.06
176	4045	6744	5228	19.94
177	4064	6765	5248	19.83
178	4083	6785	5268	19.71
179	4101	6805	5288	19.6
180	4120	6825	5308	19.49
181	4139	6845	5327	19.38
182	4158	6864	5346	19.26
183	4176	6883	5366	19.15
184	4195	6902	5385	19.05
185	4213	6921	5404	18.94
186	4232	6940	5423	18.83
187	4250	6959	5442	18.72
188	4269	6978	5460	18.62
189	4287	6997	5479	18.51
190	4305	7016	5498	18.41
191	4324	7034	5516	18.3
192	4342	7052	5534	18.2
193	4360	7070	5552	18.1
194	4378	7088	5571	18
195	4396	7106	5589	17.9
196	4414	7123	5606	17.8
197	4432	7141	5624	17.7
198	4450	7158	5642	17.6
199	4468	7175	5659	17.5
200	4486	7191	5677	17.4
201	4504	7208	5694	17.31
202	4522	7224	5712	17.21
203	4540	7241	5729	17.12
204	4558	7257	5746	17.03
205	4576	7273	5763	16.93
206	4594	7289	5780	16.84
207	4612	7304	5797	16.75
208	4630	7320	5814	16.66
209	4648	7335	5830	16.57
210	4666	7350	5847	16.48
211	4684	7364	5863	16.4
212	4701	7379	5880	16.31
213	4719	7393	5896	16.22
214	4736	7407	5912	16.14
215	4754	7421	5928	16.05
216	4771	7434	5944	15.97
217	4788	7448	5960	15.89
218	4806	7461	5976	15.8
219	4823	7474	5992	15.72
220	4840	7487	6008	15.64
221	4857	7500	6023	15.56
222	4875	7513	6039	15.48
223	4892	7526	6054	15.41
224	4909	7538	6070	15.33
225	4926	7550	6085	15.25
226	4943	7563	6100	15.18
227	4960	7575	6116	15.1
228	4977	7586	6131	15.03
229	4994	7598	6146	14.95
230	5011	7610	6161	14.88
231	5028	7621	6176	14.81
232	5045	7633	6190	14.74
233	5063	7644	6205	14.67
234	5080	7655	6220	14.6
235	5097	7666	6234	14.53
236	5113	7677	6249	14.46
237	5130	7687	6263	14.4
238	5147	7698	6278	14.33
239	5163	7708	6292	14.26
240	5180	7719	6306	14.2
241	5197	7730	6321	14.14
242	5215	7741	6335	14.07
243	5232	7752	6349	14.01
244	5249	7763	6363	13.95
245	5265	7773	6377	13.89
246	5282	7783	6391	13.83
247	5298	7793	6405	13.77
248	5315	7804	6418	13.71
249	5331	7815	6432	13.66
250	5348	7826	6446	13.6
251	5364	7837	6459	13.54
252	5380	7847	6473	13.49
253	5396	7858	6486	13.43
254	5412	7868	6500	13.38
255	5428	7878	6513	13.33
256	5443	7889	6526	13.28
257	5459	7899	6540	13.23
258	5475	7908	6553	13.18
259	5491	7918	6566	13.13
260	5507	7928	6579	13.08
261	5523	7937	6592	13.03
262	5539	7947	6605	12.98
263	5556	7956	6618	12.94
264	5572	7965	6631	12.89
265	5588	7974	6644	12.85
266	5604	7983	6657	12.8
267	5621	7991	6670	12.76
268	5637	7999	6683	12.72
269	5653	8006	6695	12.68
270	5669	8014	6708	12.64
271	5685	8021	6721	12.6
272	5702	8028	6733	12.56
273	5718	8036	6746	12.52
274	5734	8044	6758	12.48
275	5750	8052	6771	12.45
276	5767	8061	6783	12.41
277	5783	8069	6796	12.38
278	5799	8077	6808	12.34
279	5815	8085	6820	12.31
280	5831	8093	6833	12.28
281	5848	8101	6845	12.24
282	5864	8109	6857	12.21
283	5880	8116	6869	12.18
284	5896	8124	6882	12.15
285	5912	8131	6894	12.13
286	5929	8139	6906	12.1
287	5945	8146	6918	12.07
288	5961	8153	6930	12.05
289	5977	8161	6942	12.02
290	5994	8167	6954	12
291	6010	8174	6966	11.97
292	6026	8180	6978	11.95
293	6042	8186	6990	11.93
294	6058	8192	7002	11.91
295	6075	8199	7014	11.89
296	6091	8206	7026	11.87
297	6107	8213	7038	11.85
298	6124	8219	7049	11.83
299	6140	8225	7061	11.81
300	6156	8231	7073	11.8
301	6172	8237	7085	11.78
302	6189	8243	7097	11.76
303	6205	8249	7108	11.75
304	6221	8254	7120	11.74
305	6237	8260	7132	11.73
306	6254	8265	7144	11.71
307	6270	8271	7155	11.7
308	6286	8276	7167	11.69
309	6302	8282	7179	11.68
310	6318	8287	7190	11.67
311	6335	8292	7202	11.67
312	6351	8297	7214	11.66
313	6367	8302	7225	11.65
314	6384	8307	7237	11.65
315	6400	8312	7249	11.64
316	6416	8317	7260	11.64
317	6433	8321	7272	11.64
318	6449	8326	7284	11.64
319	6465	8331	7295	11.64
320	6482	8336	7307	11.63
321	6499	8341	7319	11.64
322	6517	8345	7330	11.64
323	6534	8350	7342	11.64
324	6552	8355	7353	11.64
325	6569	8360	7365	11.64
326	6586	8364	7377	11.65
327	6603	8369	7388	11.65
328	6620	8374	7400	11.66
329	6638	8378	7412	11.67
330	6654	8383	7423	11.67
331	6671	8389	7435	11.68
332	6687	8395	7447	11.69
333	6705	8401	7458	11.7
334	6722	8408	7470	11.71
335	6739	8415	7482	11.72
336	6757	8422	7494	11.74
337	6774	8429	7505	11.75
338	6792	8434	7517	11.76
339	6809	8438	7529	11.78
340	6827	8443	7541	11.79
341	6844	8447	7552	11.81
342	6862	8451	7564	11.83
343	6880	8456	7576	11.85
344	6898	8461	7588	11.86
345	6915	8467	7600	11.88
346	6933	8472	7612	11.9
347	6951	8478	7624	11.93
348	6968	8484	7635	11.95
349	6985	8489	7647	11.97
350	7003	8495	7659	11.99
351	7021	8501	7671	12.02
352	7039	8506	7683	12.04
353	7057	8512	7695	12.07
354	7076	8518	7707	12.1
355	7094	8522	7720	12.12
356	7112	8525	7732	12.15
357	7130	8529	7744	12.18
358	7148	8533	7756	12.21
359	7166	8538	7768	12.24
360	7185	8544	7780	12.27
361	7203	8550	7793	12.31
362	7221	8556	7805	12.34
363	7239	8562	7817	12.37
364	7258	8568	7830	12.41
365	7276	8575	7842	12.44
366	7294	8581	7855	12.48
367	7313	8587	7867	12.52
368	7331	8593	7880	12.56
369	7350	8600	7892	12.6
370	7368	8606	7905	12.63
371	7386	8612	7917	12.68
372	7403	8617	7930	12.72
373	7421	8622	7943	12.76
374	7438	8626	7956	12.8
375	7455	8631	7968	12.85
376	7473	8635	7981	12.89
377	7491	8640	7994	12.93
378	7509	8646	8007	12.98
379	7528	8651	8020	13.03
380	7546	8656	8033	13.08
381	7565	8661	8046	13.12
382	7583	8666	8059	13.17
383	7602	8671	8072	13.22
384	7621	8676	8086	13.27
385	7640	8685	8099	13.33
386	7659	8693	8112	13.38
387	7678	8701	8126	13.43
388	7696	8710	8139	13.49
389	7715	8718	8153	13.54
390	7734	8727	8166	13.6
391	7753	8735	8180	13.65
392	7771	8743	8193	13.71
393	7789	8750	8207	13.77
394	7808	8757	8221	13.83
395	7827	8764	8235	13.89
396	7846	8772	8249	13.95
397	7865	8779	8262	14.01
398	7885	8788	8276	14.07
399	7904	8796	8291	14.13
400	7923	8805	8305	14.2
401	7942	8813	8319	14.26
402	7962	8821	8333	14.33
403	7981	8829	8347	14.39
404	8001	8837	8362	14.46
405	8020	8844	8376	14.53
406	8040	8851	8391	14.6
407	8059	8860	8405	14.66
408	8078	8869	8420	14.73
409	8098	8878	8435	14.81
410	8119	8887	8450	14.88
411	8139	8896	8465	14.95
412	8159	8905	8479	15.02
413	8178	8915	8494	15.1
414	8199	8924	8510	15.17
415	8219	8934	8525	15.25
416	8239	8945	8540	15.32
417	8260	8957	8555	15.4
418	8280	8967	8571	15.48
419	8301	8975	8586	15.56
420	8322	8985	8602	15.64
421	8343	8995	8617	15.72
422	8364	9005	8633	15.8
423	8385	9012	8649	15.88
424	8406	9019	8665	15.96
425	8427	9029	8681	16.05
426	8448	9040	8697	16.13
427	8468	9052	8713	16.22
428	8489	9063	8729	16.3
429	8510	9073	8745	16.39
430	8531	9083	8762	16.48
431	8552	9093	8778	16.57
432	8573	9103	8795	16.66
433	8594	9114	8812	16.75
434	8615	9124	8828	16.84
435	8636	9134	8845	16.93
436	8657	9145	8862	17.02
437	8679	9158	8879	17.11
438	8700	9170	8896	17.21
439	8723	9182	8913	17.3
440	8746	9195	8931	17.4
441	8770	9210	8948	17.5
442	8793	9224	8966	17.59
443	8815	9238	8983	17.69
444	8836	9252	9001	17.79
445	8857	9265	9019	17.89
446	8878	9278	9037	17.99
447	8900	9291	9055	18.09
448	8921	9305	9073	18.19
449	8944	9319	9091	18.3
450	8967	9334	9109	18.4
451	8989	9349	9128	18.51
452	9011	9364	9146	18.61
453	9034	9378	9165	18.72
454	9057	9393	9183	18.82
455	9081	9407	9202	18.93
456	9104	9424	9221	19.04
457	9125	9441	9240	19.15
458	9148	9457	9259	19.26
459	9172	9472	9279	19.37
460	9194	9490	9298	19.48
461	9217	9507	9317	19.59
462	9238	9525	9337	19.71
463	9261	9542	9357	19.82
464	9284	9559	9377	19.94
465	9306	9574	9397	20.05
466	9328	9592	9417	20.17
467	9351	9609	9437	20.29
468	9375	9627	9457	20.4
469	9397	9644	9477	20.52
470	9420	9661	9498	20.64
471	9444	9678	9519	20.76
472	9467	9694	9539	20.89
473	9488	9713	9560	21.01
474	9511	9730	9581	21.13
475	9533	9748	9602	21.25
476	9553	9767	9624	21.38
477	9576	9787	9645	21.5
478	9598	9804	9667	21.63
479	9620	9822	9688	21.76
480	9641	9841	9710	21.88
481	9663	9860	9732	22.01
482	9685	9879	9754	22.14
483	9706	9898	9776	22.27
484	9727	9918	9798	22.4
485	9747	9937	9821	22.54
486	9769	9957	9843	22.67
487	9790	9977	9866	22.8
488	9810	9999	9889	22.94
489	9831	10020	9912	23.07
490	9852	10042	9935	23.21
491	9874	10063	9958	23.34
492	9896	10085	9981	23.48
493	9916	10106	10005	23.62
494	9937	10128	10028	23.76
495	9959	10150	10052	23.9
496	9980	10174	10076	24.04
497	10003	10198	10100	24.18
498	10026	10220	10124	24.32
499	10049	10243	10148	24.46
500	10073	10266	10173	24.61
501	10096	10290	10198	24.75
502	10120	10314	10222	24.9
503	10145	10338	10247	25.04
504	10169	10363	10272	25.19
505	10192	10387	10297	25.34
506	10215	10414	10323	25.49
507	10239	10439	10348	25.64
508	10262	10463	10374	25.79
509	10286	10487	10400	25.94
510	10310	10513	10426	26.09
511	10335	10537	10452	26.24
512	10360	10562	10478	26.4
513	10384	10590	10504	26.55
514	10410	10618	10531	26.7
515	10436	10644	10558	26.86
516	10462	10671	10584	27.02
517	10488	10698	10611	27.17
518	10515	10724	10639	27.33
519	10541	10751	10666	27.49
520	10567	10776	10693	27.65
521	10594	10804	10721	27.81
522	10621	10831	10749	27.97
523	10647	10860	10777	28.14
524	10675	10889	10805	28.3
525	10703	10917	10833	28.46
526	10731	10946	10862	28.63
527	10760	10976	10890	28.79
528	10788	11007	10919	28.96
529	10817	11035	10948	29.13
530	10846	11066	10977	29.29
531	10875	11097	11007	29.46
532	10905	11127	11036	29.63
533	10935	11158	11066	29.8
534	10966	11188	11095	29.97
535	10995	11219	11125	30.14
536	11025	11251	11156	30.32
537	11055	11282	11186	30.49
538	11085	11314	11216	30.66
539	11116	11345	11247	30.84
540	11147	11376	11278	31.02
541	11178	11408	11309	31.19
542	11209	11440	11340	31.37
543	11241	11472	11371	31.55
544	11273	11504	11403	31.73
545	11304	11537	11435	31.91
546	11336	11569	11467	32.09
547	11368	11601	11499	32.27
548	11401	11634	11531	32.45
549	11435	11667	11563	32.63
550	11469	11700	11596	32.82
551	11503	11734	11629	33
552	11537	11767	11662	33.19
553	11571	11800	11695	33.37
554	11605	11835	11728	33.56
555	11640	11868	11762	33.75
556	11674	11902	11796	33.94
557	11710	11938	11830	34.13
558	11746	11974	11864	34.32
559	11782	12009	11898	34.51
560	11818	12045	11933	34.7
561	11854	12082	11967	34.89
562	11889	12118	12002	35.09
563	11924	12155	12037	35.28
564	11960	12192	12073	35.47
565	11996	12229	12108	35.67
566	12032	12268	12144	35.87
567	12068	12306	12180	36.06
568	12106	12343	12216	36.26
569	12146	12381	12252	36.46
570	12184	12419	12288	36.66
571	12221	12458	12325	36.86
572	12259	12496	12362	37.06
573	12296	12536	12399	37.27
574	12335	12575	12436	37.47
575	12375	12615	12474	37.67
576	12415	12654	12511	37.88
577	12455	12694	12549	38.08
578	12495	12736	12587	38.29
579	12534	12778	12626	38.5
580	12571	12819	12664	38.7
581	12610	12858	12703	38.91
582	12647	12897	12742	39.12
583	12685	12938	12781	39.33
584	12723	12980	12820	39.54
585	12759	13021	12860	39.76
586	12796	13063	12900	39.97
587	12834	13106	12940	40.18
588	12869	13151	12980	40.4
589	12907	13196	13020	40.61
590	12942	13240	13061	40.83
591	12978	13284	13102	41.04
592	13015	13329	13143	41.26
593	13052	13374	13184	41.48
594	13091	13418	13225	41.7
595	13131	13464	13267	41.92
596	13171	13507	13309	42.14
597	13211	13552	13351	42.36
598	13251	13596	13393	42.58
599	13287	13644	13436	42.81
600	13324	13691	13479	43.03
601	13363	13737	13522	43.25
602	13401	13789	13565	43.48
603	13438	13839	13609	43.71
604	13477	13884	13652	43.93
605	13517	13932	13696	44.16
606	13556	13980	13740	44.39
607	13594	14026	13785	44.62
608	13635	14077	13829	44.85
609	13676	14125	13874	45.08
610	13717	14174	13919	45.31
611	13756	14222	13965	45.54
612	13796	14271	14010	45.78
613	13839	14319	14056	46.01
614	13881	14369	14102	46.25
615	13922	14418	14148	46.48
616	13962	14469	14195	46.72
617	14003	14526	14241	46.96
618	14044	14581	14288	47.2
619	14086	14636	14336	47.44
620	14129	14695	14383	47.68
621	14171	14754	14431	47.92
622	14213	14812	14479	48.16
623	14253	14872	14527	48.4
624	14294	14933	14575	48.64
625	14335	14992	14624	48.89
626	14376	15049	14673	49.13
627	14418	15105	14722	49.38
628	14461	15159	14771	49.62
629	14503	15210	14821	49.87
630	14545	15266	14871	50.12
631	14587	15328	14921	50.37
632	14629	15386	14971	50.62
633	14671	15445	15022	NA
